20
1130700
0
0
0
0
-100
100
0
0
100
-100
0
0
-100
100
-100
0
100
-100
100
-100
0
100
-100
100
0
-100
200
-200
100
100
-200
200
-200
0
200
-300
400
100
-100
200
-900
500
500
-7300
-12700
-1900
3500
-7900
-1600
-2400
-28700
-12700
20500
21900
21800
900
-15200
-2800
-23100
-31100
800
19000
30900
15600
-15900
-26800
-42200
-32100
-7700
-10700
-8300
-1800
13100
4700
-40300
-15200
18400
-10300
-3400
-11100
-44200
-18000
-10100
-19200
18300
26100
-8000
-2400
30300
29900
38000
52900
1300
-15600
17000
-21700
-15300
36200
7300
18700
32100
-28800
-20900
3400
7100
28200
-12400
1800
52200
-22200
-35000
18300
-4800
19900
32900
-17300
1600
5400
-27100
-20800
-58200
-71300
20000
40900
-8100
28200
38000
-28100
-29900
-36100
-79300
-52400
-36700
-60200
-31400
700
-15200
-31900
-11800
2400
-25500
-34500
-42500
-99400
-65500
49700
-5100
-64000
94400
80600
-117800
-103900
-74700
-113600
-59800
-24300
60200
114400
37600
75900
83400
-11700
9900
-3800
-24600
47800
32900
-1800
34500
25300
-58500
-28900
109800
-15300
-151200
39200
29300
-52800
151100
92100
-9100
177600
13300
-202100
-400
40000
-45400
-5400
-59700
23700
132300
-149000
-303000
-29400
79000
-64400
-98200
-105300
22800
352700
174200
-278400
-29200
285500
13700
-211900
-250700
-193400
105200
266500
57600
-78600
131500
159000
-206800
-199000
142400
254400
378100
216800
-334300
-330500
51200
273400
408900
1600
-493600
-241100
29600
4200
24900
-162400
-286300
22900
202200
-70800
-147100
153600
61900
-224900
-84100
58500
56400
11100
-89000
79800
209700
76100
87200
62600
-57800
98900
270000
162900
226200
409400
115100
-61800
107700
-223400
-430500
-101000
-4200
114400
80200
-416100
-215800
599900
716800
256399
-135500
-366800
-178400
226300
107700
-246500
-353500
-326800
117400
480200
-114200
-758400
-721100
-575300
-383800
-137400
155700
790700
913900
464000
570200
278200
-178200
461600
148500
-728200
-102600
216200
-25100
-1300
-11300
592100
332900
-724500
-388800
-309200
-639600
14500
381400
572900
675600
198300
167800
388800
231000
-387200
-1017900
-494800
253700
120700
-119100
-344600
-415900
-108500
-117800
-278900
-1300
144500
-127600
-31500
359500
399700
405700
430400
278300
240300
170300
-83500
-280800
-196700
54500
-26200
-211600
-223200
-363500
-128400
429900
288300
-43400
286800
555100
188700
-50300
319400
396500
-59900
-116700
-73300
-320100
-233800
-186900
-278800
-99100
-435100
-829600
-341700
-154600
-478700
-152500
235100
-214800
-254400
740200
779700
-347500
-832400
-582100
212800
822900
396800
173700
-113800
-746200
47100
649200
-373200
-533100
145700
210800
659000
1130700
281900
-629300
-442500
-6700
-90900
-621300
-536900
148900
110600
143500
292400
-373100
-289100
36800
-324000
192300
512600
213800
487700
243900
-5900
371000
310200
234400
60900
-212400
-45000
-272700
-432800
85200
293100
129199
-129500
-332400
-132900
135400
145500
-107600
-345600
-178000
25100
-40800
60500
309300
222100
54600
98800
-41100
-252900
-258000
-218600
-6500
219400
186400
51400
-193800
-235600
42800
114400
15100
-235800
-510300
-140500
332600
181700
-40300
-29000
73000
103500
-30100
-36300
-900
-47300
54900
114800
99300
66900
-19200
192100
326600
7400
-166100
-194400
-169000
74200
75200
-62700
14500
3100
-90700
-123200
-142000
-85300
-38800
-105700
-144700
5300
136200
28900
6800
131200
87500
84100
200700
71600
-131700
-78300
30200
119500
262700
194000
-14300
48700
166400
53700
41000
179200
123900
-4600
51100
148600
154700
151800
155700
75300
-1100
-3700
-110100
-171500
-36800
700
-11200
19400
-5100
32700
-43900
-167700
-74000
-104700
-142700
-14700
-51500
-32600
3000
-140700
-96300
-44300
-123100
-63900
-45800
-34600
81600
91500
14700
-115000
-164200
55700
202100
78200
2300
35100
19600
-16200
-24500
3400
31300
-16900
-46900
9900
13800
-63700
-75900
43800
109700
15400
9800
125800
146700
99700
60100
26300
-14300
-49900
-61500
-136400
-189200
-129699
-141300
-186800
-162600
-162700
-112300
1900
-17200
-126300
-125000
-65500
-1300
92500
17800
-110000
-20000
40000
37800
30600
-175300
-226100
7300
16600
-159600
-161100
-15900
73200
59200
15600
-11300
40800
72500
39700
65600
7000
-54700
11200
-58500
-39600
162900
98400
-29100
30600
69400
113800
123500
22000
-24300
1700
30300
73300
77100
19000
13100
83900
87500
-2200
-23800
99600
175000
58200
-46800
-45700
-27000
54600
69800
-40900
-28300
30600
-2100
19500
44200
-5200
-60200
-55700
60900
74200
-95100
-141100
-64400
-18100
-17600
-58900
6700
40000
-123700
-149700
-30900
4300
31400
-13100
-120300
-118600
-62400
-24900
-11900
3800
60100
84100
58700
51800
71400
62400
-10900
-36300
71100
141300
84500
92000
127600
25800
16500
126600
93100
84600
187800
162700
42800
13800
74100
60200
38100
130100
45000
-145800
-86500
-30100
-99600
-102900
-104700
-55000
68900
61400
-38000
-72800
-42700
33200
73600
2400
-41900
-18400
-60900
-61800
32600
32400
-16600
29300
79000
200
-128400
-154200
-109700
-40000
-10900
-65500
-6200
71900
-38700
-94100
-54700
-63800
-40800
-5300
13400
-13400
-92300
-60100
-9100
-87000
-110000
-55500
-87800
-136200
-106200
-79700
-40400
16700
-15200
-1400
96200
58500
-29400
-26600
20400
84600
97900
92500
85000
30000
48400
80000
73600
162800
150400
25800
54700
56500
-18900
20500
35900
13100
42900
54700
102200
103500
-3300
3800
35800
-19400
30300
65400
-37600
-83000
-69100
-65900
-23600
-18600
-83200
-91700
-41500
-17900
-25700
-29700
22900
31400
-86900
-104200
-37100
-49000
13400
19100
-103700
-35400
35400
-61200
-45000
-10700
-46100
19900
55900
-18000
-38200
-17800
-26900
-12700
52900
128100
101000
-9500
-4500
55800
41700
42600
10300
-45400
-27500
-19900
11200
36000
5500
70200
63900
-72500
-63700
-26300
-44900
10900
24100
500
28700
24900
26700
41900
-9700
-32900
-2000
33000
75800
14300
-43500
46100
54700
28500
55900
-15100
-18100
-35100
-160500
-67100
27500
-31400
-16400
-64599
-62200
27000
-43900
-21100
65600
-25400
-34700
39600
37900
47500
44600
5400
400
31900
42400
17100
15700
19400
-18400
-21400
42100
64200
25500
3100
-9100
9900
36800
-22100
-49900
-17700
-52200
-54900
-15300
-45200
-75500
-74300
-53600
-12300
-17300
-41800
-32800
-30700
-11700
12100
-30200
-32500
18100
4900
24900
43800
-14900
11100
36300
9200
41700
7700
-600
80300
43800
5100
27000
19300
26500
-3400
-13800
14900
-32500
-30900
27100
18000
15600
40700
41700
28500
44200
64400
31100
18300
36800
29000
46000
63400
33800
11300
11900
-9200
-33500
-12000
-15700
-35300
-1200
-25700
-68600
-30700
-27600
-41500
-22100
-19000
-14300
-18500
-15000
16600
36300
39900
8900
-12800
31700
69000
38600
-14700
-100
23900
-13800
2700
20000
-25900
-7700
9700
-15900
-11300
-21000
-31500
-34300
-38700
-13300
-11800
-18900
-2400
-7700
-13200
-13100
-16400
-3400
29000
39100
-12900
-16100
9900
-48500
-22600
44200
-9900
-15400
-5400
-45800
-19300
-7300
-6200
-15500
-85900
-51100
5300
-19900
3300
2900
22900
85600
14700
-30100
14800
-3900
-6400
14000
-900
-30100
-40000
3800
1200
-20300
-2200
-54500
-52700
25500
3800
-20100
-18700
-32100
-8400
-8600
-4500
22200
17400
31500
34600
13900
13000
6500
19900
44200
44400
30000
-2500
-19900
-16700
8400
39000
16000
-2400
-3800
-12700
17800
20800
4500
17800
-4500
-8300
6700
-12800
-1600
6800
-900
7100
-8600
-10100
2800
12700
44000
20200
-20300
22100
43100
-7000
-16900
25700
22100
-10900
5700
-1600
-41000
4600
44800
-9600
-25000
4900
-13400
-20400
-3700
-25100
-27800
15100
12800
-41200
-43500
9200
17800
1700
5800
-17600
-17600
23500
10400
-4200
9200
-4000
9000
26500
9000
6900
8500
26000
42900
19000
25900
27500
-7200
700
-5800
-20600
2300
-2800
7000
18100
-21000
-31700
-36600
-19700
44400
27000
-13200
1700
-14200
-13400
22200
14900
500
9600
12100
2500
-4300
-11700
-25800
-20500
5200
24400
18900
-13600
-37100
-32800
-11300
7100
7700
13500
9300
-15400
-19600
-7200
11200
15100
-1800
3500
2400
-6600
4500
-200
7600
10100
-16000
13200
38200
4500
-9200
-18700
-23800
3900
7200
-19000
-33900
-25300
6200
36200
38800
19200
3900
6400
14200
19200
31700
33400
19900
38500
31900
-20900
-3100
10300
-23400
9300
4900
-46000
-37700
-48900
-38400
300
-33200
-45700
-24500
-17700
3300
-23800
-61800
-30000
-9300
-28400
-17400
14300
200
-29200
-23000
-11000
-2100
-12200
-21700
6900
4100
-10400
10800
13700
14400
2700
-21900
-9700
-5500
7200
25800
2900
18600
34200
-3000
6500
22200
-3700
-3400
4200
4200
17700
1100
-25700
0
8600
-18800
6500
22600
-5000
7700
12700
-14700
-19800
-19500
-10100
10100
12000
-3400
-11400
14300
29500
8700
-3300
-1700
21500
42300
24200
20500
23900
5100
17400
48600
43700
15800
-800
-2400
12000
29600
15100
4700
9700
-18300
-21000
7600
11400
26000
13800
-22600
-1900
12300
-4900
-3800
4500
18500
14300
4200
20900
12200
-1000
16000
6500
-12100
-5600
-5300
-2100
19300
15900
-16800
-23300
-15200
-25500
-25400
-23000
-33200
-33000
-21500
-1200
4500
-8700
-9400
-22300
-24800
15100
17200
-5800
600
-15300
-17400
13600
-5500
-24100
-1400
-1700
-2700
500
-18800
-20300
-9100
-2500
3700
-4600
-7700
-8100
-4000
17700
4000
-16700
5100
12400
10200
14400
3700
9200
24200
25100
10200
-12800
-3500
9800
900
5200
-7400
-22000
-2000
-7900
-19400
-2700
-8700
-8200
13100
3400
-7100
2300
2400
600
-100
-5500
-8300
-8600
-15300
-31600
-33700
-21000
-8000
8300
-7100
-34300
-23200
-18500
-10300
12500
300
4400
21600
5300
11900
20600
13500
23500
6700
-6600
19700
15800
-11200
-9100
8500
17200
16800
4200
-9400
14000
29300
3000
12800
30100
6200
14600
34500
9900
-14400
-14200
-5700
2700
7600
-2200
-15600
1300
12600
-2500
-300
-700
-7000
8800
12700
12900
19100
2300
-2700
3600
-8800
-5300
4500
-6100
-9000
3900
6100
-7900
9600
32700
-10300
-21900
21600
2200
-11700
12400
-9800
-17400
-5000
-18700
-3800
10500
-5400
-700
10300
4800
-3700
-5300
1000
1600
-800
-2300
-3200
7900
16200
1200
-15900
-4100
8900
-12400
-24500
-7800
1000
2100
-2400
-6400
-2700
-8600
-2600
9500
-2600
-900
5100
-13200
-7400
10600
4600
1600
-1700
-8100
3400
9200
-1000
-2100
3200
2700
-800
-2200
0
3000
3500
-3800
-10200
-6400
-9600
-13300
-2800
-3700
-11000
-6800
-13200
-19900
-13300
-13800
-12400
2700
7600
-5400
-6600
12300
18200
3300
-5700
7400
25000
14600
-800
1300
-5900
-2500
11000
-2200
100
17600
12100
16400
16400
100
-400
-8100
-6300
17500
7400
-4800
7200
-500
-6700
-2400
-7400
0
6300
-4400
-8400
-6800
-6100
1500
7000
-1600
-6300
6600
7000
-4800
-900
1100
-600
4300
700
100
3300
2200
10400
6300
-7800
2800
5600
-10400
-4600
700
-11800
-5100
12300
12300
3100
-4600
-800
9700
5500
-3100
-2900
-2700
400
8300
11700
5900
-4800
-5600
3800
7800
7500
8800
5100
2500
9700
11100
-3500
-18700
-17200
-3900
-2600
-7500
2000
3600
-9000
-12600
-12700
-7800
-800
-6200
-1200
7400
-5100
-8600
500
3100
4800
1000
800
4500
-4900
-3100
8900
5000
100
-5100
-11300
-1500
9300
6600
-5100
-12300
-5000
200
-300
-5100
-15400
-10400
-100
600
6600
6400
-1000
1400
2100
-4800
-11100
-8300
-1800
-5800
-6600
5800
13300
3100
-8300
-1500
-400
-5600
9800
12800
-3600
-4500
500
7800
8700
-6400
-5500
4100
2500
10000
19600
13300
-3000
-10900
-100
9400
9800
5900
-6600
-8700
1500
4000
4700
5900
0
-9300
-9100
7100
12200
1400
4500
3300
-9100
-2200
1300
-6800
2600
3200
-12000
-6600
-400
-9000
-4400
5100
5600
5200
-3200
-11300
-5700
-2000
-3100
-400
400
-300
200
-100
0
100
-100
100
-100
0
100
-100
100
0
0
100
-100
0
0
0
0
0
0
0
0
0
0
0
0
0
0
0
0
0
0
0
0
0
0
0
0
0
0
0
0
0
0
0
0
0
0
0
0
0
0
0
0
0
0
0
0
0
0
0
0
0
0
0
0
0
0
0
0
0
0
0
0
0
0
0
0
0
0
0
0
0
0
0
0
0
0
0
0
0
0
0
0
0
0
0
0
0
0
0
0
0
0
0
0
0
0
0
0
0
0
0
0
0
0
0
0
0
0
0
0
0
0
0
0
0
0
0
0
0
0
0
0
0
0
0
0
0
0
0
0
0
0
0
0
0
0
0
0
0
0
0
0
0
0
0
0
0
0
0
0
0
0
0
0
0
0
0
0
0
0
0
0
0
0
0
0
0
0
0
0
0
0
0
0
0
0
0
0
0
0
0
0
0
0
0
0
0
0
0
0
0
0
0
0
0
0
0
0
0
0
0
0
0
0
0
0
0
0
0
0
0
0
0
0
0
0
0
0
0
0
0
0
0
0
0
0
0
0
0
0
0
0
0
0
