0.00	-0.028
0.03	-0.041
0.06	-0.057
0.09	-0.085
0.12	-0.075
0.15	0.157
0.18	0.835
0.21	-1.701
0.24	-5.236
0.27	-5.748
0.30	-2.677
0.33	0.827
0.36	-5.945
0.39	-10.197
0.42	-7.677
0.45	6.969
0.48	-5.984
0.51	-6.142
0.54	5.276
0.57	11.811
0.60	1.441
0.63	-0.756
0.66	-2.669
0.69	0.811
0.72	1.492
0.75	-3.795
0.78	-6.850
0.81	5.118
0.84	7.992
0.87	3.000
0.90	3.827
0.93	13.268
0.96	12.205
0.99	7.283
1.02	-0.657
1.05	12.323
1.08	5.354
1.11	0.221
1.14	4.016
1.17	11.929
1.20	8.819
1.23	7.874
1.26	3.327
1.29	7.835
1.32	9.016
1.35	1.555
1.38	7.953
1.41	-5.669
1.44	0.744
1.47	-6.457
1.50	-0.587
1.53	2.047
1.56	-9.094
1.59	2.933
1.62	-3.189
1.65	-6.339
1.68	-1.154
1.71	-9.567
1.74	-2.969
1.77	-12.992
1.80	-8.937
1.83	-7.756
1.86	-0.929
1.89	0.748
1.92	-1.441
1.95	-1.571
1.98	-7.598
2.01	3.299
2.04	-1.051
2.07	-11.142
2.10	-3.630
2.13	-4.646
2.16	-14.094
2.19	-8.465
2.22	-8.819
2.25	-4.370
2.28	-11.024
2.31	-16.299
2.34	-19.370
2.37	-18.898
2.40	-19.016
2.43	-13.937
2.46	-12.205
2.49	-7.598
2.52	-9.685
2.55	-10.157
2.58	-2.807
2.61	-4.488
2.64	-5.157
2.67	-3.055
2.70	0.398
2.73	-8.543
2.76	-13.425
2.79	15.906
2.82	83.858
2.85	82.677
2.88	94.882
2.91	40.551
2.94	-7.874
2.97	-18.622
3.00	-20.354
3.03	-12.756
3.06	-6.339
3.09	13.465
3.12	24.016
3.15	14.685
3.18	9.055
3.21	-0.441
3.24	-6.299
3.27	1.315
3.30	11.378
3.33	14.055
3.36	8.150
3.39	13.307
3.42	13.307
3.45	44.094
3.48	55.906
3.51	17.953
3.54	-44.488
3.57	-53.543
3.60	-23.937
3.63	-17.874
3.66	-29.055
3.69	-43.701
3.72	-25.276
3.75	-5.354
3.78	-5.276
3.81	-10.984
3.84	-9.094
3.87	-5.039
3.90	-17.283
3.93	-7.126
3.96	-6.850
3.99	-6.890
4.02	1.476
4.05	8.307
4.08	7.165
4.11	14.724
4.14	19.252
4.17	3.673
4.20	-11.457
4.23	-4.173
4.26	6.181
4.29	-2.406
4.32	-13.504
4.35	-14.606
4.38	-17.047
4.41	-4.646
4.44	2.972
4.47	0.591
4.50	-13.071
4.53	-19.291
4.56	-6.024
4.59	0.196
4.62	11.732
4.65	12.598
4.68	7.520
4.71	5.630
4.74	11.142
4.77	6.614
4.80	12.480
4.83	14.764
4.86	12.717
4.89	-13.740
4.92	-25.551
4.95	-12.520
4.98	-6.575
5.01	-1.130
5.04	4.803
5.07	0.228
5.10	-7.008
5.13	-0.034
5.16	0.748
5.19	2.437
5.22	-0.366
5.25	-10.551
5.28	-17.638
5.31	-18.583
5.34	-7.677
5.37	5.591
5.40	14.646
5.43	16.654
5.46	10.787
5.49	11.890
5.52	12.677
5.55	7.441
5.58	5.197
5.61	8.228
5.64	13.701
5.67	7.165
5.70	3.583
5.73	15.472
5.76	30.906
5.79	22.323
5.82	14.331
5.85	14.331
5.88	7.165
5.91	-0.461
5.94	-9.331
5.97	-0.304
6.00	4.724
6.03	1.173
6.06	-1.657
6.09	-6.220
6.12	-8.465
6.15	-9.094
6.18	-7.717
6.21	-8.780
6.24	-9.764
6.27	-14.488
6.30	-19.291
6.33	-15.276
6.36	-7.559
6.39	-8.504
6.42	-8.150
6.45	-0.048
6.48	23.268
6.51	25.669
6.54	21.654
6.57	11.929
6.60	1.972
6.63	-10.709
6.66	-30.354
6.69	-27.520
6.72	-10.866
6.75	3.248
6.78	-1.433
6.81	-9.055
6.84	-1.457
6.87	5.669
6.90	2.453
6.93	-16.220
6.96	-15.079
6.99	-9.528
7.02	-9.961
7.05	-12.283
7.08	4.055
7.11	19.213
7.14	12.283
7.17	4.646
7.20	14.213
7.23	20.709
7.26	1.894
7.29	1.610
7.32	12.677
7.35	14.252
7.38	3.858
7.41	-4.961
7.44	2.409
7.47	-1.346
7.50	3.602
7.53	10.591
7.56	5.118
7.59	0.949
7.62	-0.752
7.65	2.354
7.68	5.276
7.71	7.008
7.74	6.063
7.77	-3.976
7.80	-5.512
7.83	-2.783
7.86	-4.134
7.89	-0.105
7.92	11.614
7.95	15.709
7.98	11.772
8.01	4.567
8.04	-2.618
8.07	-1.791
8.10	3.925
8.13	2.476
8.16	-8.307
8.19	-22.244
8.22	-25.669
8.25	-21.811
8.28	-16.299
8.31	-1.953
8.34	6.929
8.37	5.197
8.40	3.228
8.43	-0.076
8.46	-6.535
8.49	-11.535
8.52	-7.362
8.55	-0.783
8.58	-0.306
8.61	0.449
8.64	-1.224
8.67	1.571
8.70	-1.976
8.73	-1.846
8.76	-1.551
8.79	-6.654
8.82	-8.465
8.85	-2.114
8.88	8.071
8.91	10.118
8.94	8.819
8.97	4.764
9.00	-5.866
9.03	-5.512
9.06	-4.646
9.09	-1.000
9.12	-3.937
9.15	-9.961
9.18	-18.543
9.21	-21.850
9.24	-9.843
9.27	5.512
9.30	9.291
9.33	12.441
9.36	9.252
9.39	3.209
9.42	-1.843
9.45	-5.354
9.48	-6.614
9.51	-8.937
9.54	-3.850
9.57	3.228
9.60	7.913
9.63	7.953
9.66	4.961
9.69	6.181
9.72	0.377
9.75	1.362
9.78	5.433
9.81	5.984
9.84	8.780
9.87	13.386
9.90	12.559
9.93	7.047
9.96	3.331
9.99	1.681
10.02	0.305
10.05	1.413
10.08	3.189
10.11	3.740
10.14	2.760
10.17	-3.748
10.20	-10.000
10.23	-12.520
10.26	-8.228
10.29	0.070
10.32	4.055
10.35	4.882
10.38	5.157
10.41	4.016
10.44	-0.394
10.47	-3.634
10.50	-4.449
10.53	-4.449
10.56	-4.685
10.59	-3.768
10.62	1.390
10.65	6.024
10.68	6.063
10.71	-4.331
10.74	-6.063
10.77	-4.094
10.80	-3.079
10.83	-2.008
10.86	3.224
10.89	6.535
10.92	8.858
10.95	9.803
10.98	7.205
11.01	-0.157
11.04	-3.701
11.07	-5.433
11.10	-2.764
11.13	0.839
11.16	4.961
11.19	7.874
11.22	4.173
11.25	-0.189
11.28	-5.551
11.31	-5.866
11.34	-0.634
11.37	2.819
11.40	6.142
11.43	6.102
11.46	4.449
11.49	3.933
11.52	2.039
11.55	2.406
11.58	1.083
11.61	-3.165
11.64	-6.850
11.67	-7.165
11.70	-2.047
11.73	2.886
11.76	5.236
11.79	7.244
11.82	6.811
11.85	2.862
11.88	1.201
11.91	-1.020
11.94	-5.551
11.97	-8.701
12.00	-8.504
12.03	-8.150
12.06	-8.661
12.09	-4.291
12.12	-1.193
12.15	-2.764
12.18	-5.315
12.21	-6.575
12.24	-7.283
12.27	-7.244
12.30	-5.197
12.33	-7.559
12.36	-7.874
12.39	-1.744
12.42	1.677
12.45	2.787
12.48	2.713
12.51	0.665
12.54	2.516
12.57	1.886
12.60	1.134
12.63	-2.831
12.66	-8.465
12.69	-8.543
12.72	-4.370
12.75	3.921
12.78	6.457
12.81	8.976
12.84	11.654
12.87	11.575
12.90	10.276
12.93	7.323
12.96	1.768
12.99	-2.969
13.02	-2.240
13.05	0.717
13.08	2.043
13.11	3.075
13.14	4.488
13.17	3.551
13.20	1.961
13.23	3.524
13.26	5.984
13.29	1.992
13.32	1.413
13.35	3.976
13.38	6.496
13.41	7.559
13.44	2.949
13.47	-1.709
13.50	-6.535
13.53	-8.110
13.56	-4.134
13.59	-0.240
13.62	1.079
13.65	-0.186
13.68	-4.646
13.71	-6.850
13.74	-4.685
13.77	0.543
13.80	2.610
13.83	1.579
13.86	-2.193
13.89	1.154
13.92	1.996
13.95	0.878
13.98	3.693
14.01	5.472
14.04	4.803
14.07	4.646
14.10	3.177
14.13	3.134
14.16	1.728
14.19	3.185
14.22	6.457
14.25	5.906
14.28	2.528
14.31	-2.126
14.34	-2.465
14.37	-1.736
14.40	-1.602
14.43	-1.811
14.46	-3.346
14.49	-5.748
14.52	-10.276
14.55	-11.260
14.58	-12.283
14.61	-13.150
14.64	-11.850
14.67	-8.307
14.70	-4.961
14.73	-5.157
14.76	-4.567
14.79	-2.819
14.82	-1.252
14.85	0.756
14.88	1.228
14.91	-3.976
14.94	-6.024
14.97	-6.024
15.00	0.000