   0.00000000000000e+00   0.00000000000000e+00
  -1.00000000000000e-04  -2.97186658647239e+00
  -2.00000000000000e-04  -5.87133777986745e+00
  -3.00000000000000e-04  -8.67203359304959e+00
  -4.00000000000000e-04  -1.13477122233473e+01
  -5.00000000000000e-04  -1.38743994437556e+01
  -6.00000000000000e-04  -1.62317180249713e+01
  -7.00000000000000e-04  -1.84037237638135e+01
  -8.00000000000000e-04  -2.03793248278336e+01
  -9.00000000000000e-04  -2.21523374613061e+01
  -1.00000000000000e-03  -2.37212403547842e+01
  -1.10000000000000e-03  -2.50887010039795e+01
  -1.20000000000000e-03  -2.62609516561440e+01
  -1.30000000000000e-03  -2.72470885838532e+01
  -1.40000000000000e-03  -2.80583580419672e+01
  -1.50000000000000e-03  -2.87074780563864e+01
  -1.60000000000000e-03  -2.92080298736466e+01
  -1.70000000000000e-03  -2.95739385972704e+01
  -1.80000000000000e-03  -2.98190505833609e+01
  -1.90000000000000e-03  -2.99568061426093e+01
  -2.00000000000000e-03  -2.99999999979662e+01
  -2.10000000000000e-03  -2.99606184111222e+01
  -2.20000000000000e-03  -2.98497403783845e+01
  -2.30000000000000e-03  -2.96774902381988e+01
  -2.40000000000000e-03  -2.94530299154414e+01
  -2.50000000000000e-03  -2.91845804366710e+01
  -2.60000000000000e-03  -2.88794639785717e+01
  -2.70000000000000e-03  -2.85441593502437e+01
  -2.80000000000000e-03  -2.81843653308492e+01
  -2.90000000000000e-03  -2.78050676199751e+01
  -3.00000000000000e-03  -2.74106062835541e+01
  -3.10000000000000e-03  -2.70047414948889e+01
  -3.20000000000000e-03  -2.65907160954286e+01
  -3.30000000000000e-03  -2.61713140581877e+01
  -3.40000000000000e-03  -2.57489143551673e+01
  -3.50000000000000e-03  -2.53255400350488e+01
  -3.60000000000000e-03  -2.49029025324685e+01
  -3.70000000000000e-03  -2.44824413756856e+01
  -3.80000000000000e-03  -2.40653595523608e+01
  -3.90000000000000e-03  -2.36526548471138e+01
  -4.00000000000000e-03  -2.32451474903322e+01
  -4.10000000000000e-03  -2.28435044637147e+01
  -4.20000000000000e-03  -2.24482608005919e+01
  -4.30000000000000e-03  -2.20598382029304e+01
  -4.40000000000000e-03  -2.16785612755565e+01
  -4.50000000000000e-03  -2.13046716540298e+01
  -4.60000000000000e-03  -2.09383402775109e+01
  -4.70000000000000e-03  -2.05796780330794e+01
  -4.80000000000000e-03  -2.02287449740547e+01
  -4.90000000000000e-03  -1.98855582924239e+01
  -5.00000000000000e-03  -1.95500992047517e+01
  -5.10000000000000e-03  -1.92223188920458e+01
  -5.20000000000000e-03  -1.89021436169900e+01
  -5.30000000000000e-03  -1.85894791266766e+01
  -5.40000000000000e-03  -1.82842144353703e+01
  -5.50000000000000e-03  -1.79862250697929e+01
  -5.60000000000000e-03  -1.76953758488022e+01
  -5.70000000000000e-03  -1.74115232600107e+01
  -5.80000000000000e-03  -1.71345174877098e+01
  -5.90000000000000e-03  -1.68642041393242e+01
  -6.00000000000000e-03  -1.66004257113817e+01
  -6.10000000000000e-03  -1.63430228305512e+01
  -6.20000000000000e-03  -1.60918353005750e+01
  -6.30000000000000e-03  -1.58467029818119e+01
  -6.40000000000000e-03  -1.56074665265388e+01
  -6.50000000000000e-03  -1.53739679900605e+01
  -6.60000000000000e-03  -1.51460513349901e+01
  -6.70000000000000e-03  -1.49235628437332e+01
  -6.80000000000000e-03  -1.47063514521862e+01
  -6.90000000000001e-03  -1.44942690159109e+01
  -7.00000000000001e-03  -1.42871705185269e+01
  -7.10000000000001e-03  -1.40849142307512e+01
  -7.20000000000001e-03  -1.38873618273717e+01
  -7.30000000000001e-03  -1.36943784684558e+01
  -7.40000000000001e-03  -1.35058328502393e+01
  -7.50000000000001e-03  -1.33215972303972e+01
  -7.60000000000001e-03  -1.31415474317581e+01
  -7.70000000000001e-03  -1.29655628279647e+01
  -7.80000000000001e-03  -1.27935263141002e+01
  -7.90000000000001e-03  -1.26253242648839e+01
  -8.00000000000001e-03  -1.24608464826736e+01
  -8.10000000000001e-03  -1.22999861372003e+01
  -8.20000000000001e-03  -1.21426396986875e+01
  -8.30000000000001e-03  -1.19887068657711e+01
  -8.40000000000000e-03  -1.18380904894313e+01
  -8.50000000000000e-03  -1.16906964939713e+01
  -8.60000000000000e-03  -1.15464337959234e+01
  -8.70000000000000e-03  -1.14052142216310e+01
  -8.80000000000000e-03  -1.12669524241380e+01
  -8.90000000000000e-03  -1.11315657999222e+01
  -9.00000000000000e-03  -1.09989744059164e+01
  -9.10000000000000e-03  -1.08691008771946e+01
  -9.20000000000000e-03  -1.07418703456287e+01
  -9.30000000000000e-03  -1.06172103597732e+01
  -9.40000000000000e-03  -1.04950508061815e+01
  -9.50000000000000e-03  -1.03753238323216e+01
  -9.60000000000000e-03  -1.02579637712195e+01
  -9.70000000000000e-03  -1.01429070679326e+01
  -9.80000000000000e-03  -1.00300922079256e+01
  -9.90000000000000e-03  -9.91945964740375e+00
  -1.00000000000000e-02  -9.81095174563495e+00
  -1.01000000000000e-02  -9.70451269928079e+00
  -1.02000000000000e-02  -9.60008847873997e+00
  -1.03000000000000e-02  -9.49762676649826e+00
  -1.04000000000000e-02  -9.39707689746877e+00
  -1.05000000000000e-02  -9.29838980129906e+00
  -1.06000000000000e-02  -9.20151794661500e+00
  -1.07000000000000e-02  -9.10641528716605e+00
  -1.08000000000000e-02  -9.01303720983267e+00
  -1.09000000000000e-02  -8.92134048445298e+00
  -1.10000000000000e-02  -8.83128321542358e+00
  -1.11000000000000e-02  -8.74282479502720e+00
  -1.12000000000000e-02  -8.65592585843891e+00
  -1.13000000000000e-02  -8.57054824036132e+00
  -1.14000000000000e-02  -8.48665493323917e+00
  -1.15000000000000e-02  -8.40421004700320e+00
  -1.16000000000000e-02  -8.32317877029363e+00
  -1.17000000000000e-02  -8.24352733311395e+00
  -1.18000000000000e-02  -8.16522297086603e+00
  -1.19000000000000e-02  -8.08823388971867e+00
  -1.20000000000000e-02  -8.01252923326258e+00
  -1.21000000000000e-02  -7.93807905040531e+00
  -1.22000000000000e-02  -7.86485426446145e+00
  -1.23000000000000e-02  -7.79282664339398e+00
  -1.24000000000000e-02  -7.72196877116410e+00
  -1.25000000000000e-02  -7.65225402014808e+00
  -1.26000000000000e-02  -7.58365652458088e+00
  -1.27000000000000e-02  -7.51615115498751e+00
  -1.28000000000000e-02  -7.44971349356457e+00
  -1.29000000000000e-02  -7.38431981047527e+00
  -1.30000000000000e-02  -7.31994704102306e+00
  -1.31000000000000e-02  -7.25657276366948e+00
  -1.32000000000000e-02  -7.19417517886395e+00
  -1.33000000000000e-02  -7.13273308865347e+00
  -1.34000000000000e-02  -7.07222587704222e+00
  -1.35000000000000e-02  -7.01263349107154e+00
  -1.36000000000000e-02  -6.95393642259227e+00
  -1.37000000000000e-02  -6.89611569070229e+00
  -1.38000000000000e-02  -6.83915282482337e+00
  -1.39000000000000e-02  -6.78302984839209e+00
  -1.40000000000000e-02  -6.72772926314107e+00
  -1.41000000000000e-02  -6.67323403394719e+00
  -1.42000000000000e-02  -6.61952757422474e+00
  -1.43000000000000e-02  -6.56659373184225e+00
  -1.44000000000000e-02  -6.51441677554248e+00
  -1.45000000000000e-02  -6.46298138184604e+00
  -1.46000000000000e-02  -6.41227262241972e+00
  -1.47000000000000e-02  -6.36227595189166e+00
  -1.48000000000000e-02  -6.31297719609577e+00
  -1.49000000000000e-02  -6.26436254072905e+00
  -1.50000000000000e-02  -6.21641852040565e+00
  -1.51000000000000e-02  -6.16913200809254e+00
  -1.52000000000000e-02  -6.12249020491191e+00
  -1.53000000000000e-02  -6.07648063029652e+00
  -1.54000000000000e-02  -6.03109111248415e+00
  -1.55000000000000e-02  -5.98630977933855e+00
  -1.56000000000000e-02  -5.94212504948412e+00
  -1.57000000000000e-02  -5.89852562374270e+00
  -1.58000000000000e-02  -5.85550047686085e+00
  -1.59000000000000e-02  -5.81303884951671e+00
  -1.60000000000000e-02  -5.77113024059591e+00
  -1.61000000000000e-02  -5.72976439972650e+00
  -1.62000000000000e-02  -5.68893132006300e+00
  -1.63000000000000e-02  -5.64862123131063e+00
  -1.64000000000000e-02  -5.60882459298038e+00
  -1.65000000000000e-02  -5.56953208786673e+00
  -1.66000000000000e-02  -5.53073461573954e+00
  -1.67000000000000e-02  -5.49242328724238e+00
  -1.68000000000000e-02  -5.45458941798967e+00
  -1.69000000000000e-02  -5.41722452285529e+00
  -1.70000000000000e-02  -5.38032031044586e+00
  -1.71000000000000e-02  -5.34386867775181e+00
  -1.72000000000000e-02  -5.30786170496989e+00
  -1.73000000000000e-02  -5.27229165049092e+00
  -1.74000000000000e-02  -5.23715094604689e+00
  -1.74999999999999e-02  -5.20243219201162e+00
  -1.75999999999999e-02  -5.16812815284950e+00
  -1.76999999999999e-02  -5.13423175270723e+00
  -1.77999999999999e-02  -5.10073607114321e+00
  -1.78999999999999e-02  -5.06763433898998e+00
  -1.79999999999999e-02  -5.03491993434482e+00
  -1.80999999999999e-02  -5.00258637868426e+00
  -1.81999999999999e-02  -4.97062733309787e+00
  -1.82999999999999e-02  -4.93903659463753e+00
  -1.83999999999999e-02  -4.90780809277785e+00
  -1.84999999999999e-02  -4.87693588598419e+00
  -1.85999999999999e-02  -4.84641415838432e+00
  -1.86999999999999e-02  -4.81623721654040e+00
  -1.87999999999999e-02  -4.78639948631773e+00
  -1.88999999999999e-02  -4.75689550984695e+00
  -1.89999999999999e-02  -4.72771994257666e+00
  -1.90999999999999e-02  -4.69886755041331e+00
  -1.91999999999999e-02  -4.67033320694537e+00
  -1.92999999999999e-02  -4.64211189074918e+00
  -1.93999999999999e-02  -4.61419868277345e+00
  -1.94999999999999e-02  -4.58658876380013e+00
  -1.95999999999999e-02  -4.55927741197874e+00
  -1.96999999999999e-02  -4.53226000043219e+00
  -1.97999999999999e-02  -4.50553199493126e+00
  -1.98999999999999e-02  -4.47908895163590e+00
  -1.99999999999999e-02  -4.45292651490094e+00
  -2.00999999999999e-02  -4.42704041514417e+00
  -2.01999999999999e-02  -4.40142646677478e+00
  -2.02999999999999e-02  -4.37608056618025e+00
  -2.03999999999999e-02  -4.35099868976977e+00
  -2.04999999999999e-02  -4.32617689207232e+00
  -2.05999999999999e-02  -4.30161130388785e+00
  -2.06999999999999e-02  -4.27729813048968e+00
  -2.07999999999999e-02  -4.25323364987663e+00
  -2.08999999999999e-02  -4.22941421107318e+00
  -2.09999999999999e-02  -4.20583623247639e+00
  -2.10999999999999e-02  -4.18249620024777e+00
  -2.11999999999999e-02  -4.15939066674908e+00
  -2.12999999999999e-02  -4.13651624902037e+00
  -2.13999999999999e-02  -4.11386962729915e+00
  -2.14999999999999e-02  -4.09144754357939e+00
  -2.15999999999999e-02  -4.06924680020904e+00
  -2.16999999999999e-02  -4.04726425852502e+00
  -2.17999999999999e-02  -4.02549683752442e+00
  -2.18999999999999e-02  -4.00394151257089e+00
  -2.19999999999999e-02  -3.98259531413516e+00
  -2.20999999999999e-02  -3.96145532656854e+00
  -2.21999999999999e-02  -3.94051868690862e+00
  -2.22999999999999e-02  -3.91978258371600e+00
  -2.23999999999999e-02  -3.89924425594124e+00
  -2.24999999999999e-02  -3.87890099182114e+00
  -2.25999999999999e-02  -3.85875012780339e+00
  -2.26999999999999e-02  -3.83878904749887e+00
  -2.27999999999999e-02  -3.81901518066068e+00
  -2.28999999999999e-02  -3.79942600218923e+00
  -2.29999999999999e-02  -3.78001903116251e+00
  -2.30999999999999e-02  -3.76079182989090e+00
  -2.31999999999999e-02  -3.74174200299579e+00
  -2.32999999999999e-02  -3.72286719651128e+00
  -2.33999999999999e-02  -3.70416509700834e+00
  -2.34999999999999e-02  -3.68563343074080e+00
  -2.35999999999999e-02  -3.66726996281249e+00
  -2.36999999999999e-02  -3.64907249636499e+00
  -2.37999999999999e-02  -3.63103887178534e+00
  -2.38999999999999e-02  -3.61316696593326e+00
  -2.39999999999999e-02  -3.59545469138715e+00
  -2.40999999999999e-02  -3.57789999570855e+00
  -2.41999999999999e-02  -3.56050086072440e+00
  -2.42999999999999e-02  -3.54325530182664e+00
  -2.43999999999999e-02  -3.52616136728870e+00
  -2.44999999999999e-02  -3.50921713759841e+00
  -2.45999999999999e-02  -3.49242072480680e+00
  -2.46999999999999e-02  -3.47577027189250e+00
  -2.47999999999999e-02  -3.45926395214113e+00
  -2.48999999999999e-02  -3.44289996853949e+00
  -2.49999999999999e-02  -3.42667655318389e+00
  -2.50999999999999e-02  -3.41059196670253e+00
  -2.51999999999999e-02  -3.39464449769123e+00
  -2.52999999999999e-02  -3.37883246216248e+00
  -2.53999999999999e-02  -3.36315420300719e+00
  -2.54999999999999e-02  -3.34760808946891e+00
  -2.55999999999999e-02  -3.33219251663026e+00
  -2.56999999999999e-02  -3.31690590491104e+00
  -2.57999999999999e-02  -3.30174669957800e+00
  -2.58999999999999e-02  -3.28671337026563e+00
  -2.59999999999999e-02  -3.27180441050801e+00
  -2.60999999999999e-02  -3.25701833728117e+00
  -2.61999999999999e-02  -3.24235369055583e+00
  -2.62999999999999e-02  -3.22780903286023e+00
  -2.63999999999999e-02  -3.21338294885273e+00
  -2.64999999999999e-02  -3.19907404490400e+00
  -2.65999999999999e-02  -3.18488094868853e+00
  -2.66999999999999e-02  -3.17080230878514e+00
  -2.67999999999999e-02  -3.15683679428646e+00
  -2.68999999999999e-02  -3.14298309441693e+00
  -2.69999999999999e-02  -3.12923991815918e+00
  -2.70999999999999e-02  -3.11560599388874e+00
  -2.71999999999999e-02  -3.10208006901652e+00
  -2.72999999999999e-02  -3.08866090963929e+00
  -2.73999999999999e-02  -3.07534730019755e+00
  -2.74999999999999e-02  -3.06213804314096e+00
  -2.75999999999999e-02  -3.04903195860083e+00
  -2.76999999999999e-02  -3.03602788406979e+00
  -2.77999999999999e-02  -3.02312467408820e+00
  -2.78999999999999e-02  -3.01032119993734e+00
  -2.79999999999999e-02  -2.99761634933903e+00
  -2.80999999999999e-02  -2.98500902616174e+00
  -2.81999999999999e-02  -2.97249815013280e+00
  -2.82999999999999e-02  -2.96008265655672e+00
  -2.83999999999999e-02  -2.94776149603945e+00
  -2.84999999999999e-02  -2.93553363421832e+00
  -2.85999999999999e-02  -2.92339805149773e+00
  -2.86999999999999e-02  -2.91135374279025e+00
  -2.87999999999999e-02  -2.89939971726309e+00
  -2.88999999999999e-02  -2.88753499808988e+00
  -2.89999999999999e-02  -2.87575862220749e+00
  -2.90999999999999e-02  -2.86406964007782e+00
  -2.91999999999999e-02  -2.85246711545458e+00
  -2.92999999999999e-02  -2.84095012515470e+00
  -2.93999999999999e-02  -2.82951775883447e+00
  -2.94999999999999e-02  -2.81816911877016e+00
  -2.95999999999999e-02  -2.80690331964314e+00
  -2.96999999999999e-02  -2.79571948832926e+00
  -2.97999999999999e-02  -2.78461676369250e+00
  -2.98999999999999e-02  -2.77359429638274e+00
  -2.99999999999999e-02  -2.76265124863756e+00
  -3.00999999999999e-02  -2.75178679408799e+00
  -3.01999999999999e-02  -2.74100011756811e+00
  -3.02999999999999e-02  -2.73029041492843e+00
  -3.03999999999999e-02  -2.71965689285291e+00
  -3.04999999999999e-02  -2.70909876867958e+00
  -3.05999999999999e-02  -2.69861527022477e+00
  -3.06999999999999e-02  -2.68820563561060e+00
  -3.07999999999999e-02  -2.67786911309598e+00
  -3.08999999999999e-02  -2.66760496091085e+00
  -3.09999999999999e-02  -2.65741244709355e+00
  -3.10999999999999e-02  -2.64729084933145e+00
  -3.11999999999999e-02  -2.63723945480456e+00
  -3.12999999999999e-02  -2.62725756003217e+00
  -3.13999999999999e-02  -2.61734447072242e+00
  -3.14999999999999e-02  -2.60749950162475e+00
  -3.15999999999999e-02  -2.59772197638512e+00
  -3.16999999999999e-02  -2.58801122740401e+00
  -3.17999999999999e-02  -2.57836659569709e+00
  -3.18999999999999e-02  -2.56878743075853e+00
  -3.19999999999999e-02  -2.55927309042681e+00
  -3.20999999999999e-02  -2.54982294075317e+00
  -3.21999999999999e-02  -2.54043635587239e+00
  -3.22999999999999e-02  -2.53111271787605e+00
  -3.23999999999999e-02  -2.52185141668811e+00
  -3.24999999999999e-02  -2.51265184994284e+00
  -3.25999999999999e-02  -2.50351342286493e+00
  -3.26999999999999e-02  -2.49443554815187e+00
  -3.27999999999999e-02  -2.48541764585848e+00
  -3.28999999999999e-02  -2.47645914328350e+00
  -3.29999999999999e-02  -2.46755947485833e+00
  -3.30999999999999e-02  -2.45871808203771e+00
  -3.31999999999999e-02  -2.44993441319248e+00
  -3.32999999999999e-02  -2.44120792350419e+00
  -3.33999999999999e-02  -2.43253807486168e+00
  -3.34999999999999e-02  -2.42392433575945e+00
  -3.35999999999999e-02  -2.41536618119795e+00
  -3.36999999999999e-02  -2.40686309258552e+00
  -3.37999999999999e-02  -2.39841455764227e+00
  -3.38999999999999e-02  -2.39002007030543e+00
  -3.39999999999999e-02  -2.38167913063662e+00
  -3.40999999999999e-02  -2.37339124473057e+00
  -3.42000000000000e-02  -2.36515592462558e+00
  -3.43000000000000e-02  -2.35697268821546e+00
  -3.44000000000000e-02  -2.34884105916310e+00
  -3.45000000000000e-02  -2.34076056681550e+00
  -3.46000000000000e-02  -2.33273074612027e+00
  -3.47000000000000e-02  -2.32475113754363e+00
  -3.48000000000000e-02  -2.31682128698982e+00
  -3.49000000000000e-02  -2.30894074572189e+00
  -3.50000000000000e-02  -2.30110907028383e+00
  -3.51000000000000e-02  -2.29332582242412e+00
  -3.52000000000000e-02  -2.28559056902053e+00
  -3.53000000000000e-02  -2.27790288200622e+00
  -3.54000000000000e-02  -2.27026233829708e+00
  -3.55000000000000e-02  -2.26266851972040e+00
  -3.56000000000000e-02  -2.25512101294462e+00
  -3.57000000000000e-02  -2.24761940941036e+00
  -3.58000000000000e-02  -2.24016330526260e+00
  -3.59000000000000e-02  -2.23275230128396e+00
  -3.60000000000000e-02  -2.22538600282917e+00
  -3.61000000000000e-02  -2.21806401976060e+00
  -3.62000000000000e-02  -2.21078596638481e+00
  -3.63000000000000e-02  -2.20355146139032e+00
  -3.64000000000000e-02  -2.19636012778622e+00
  -3.65000000000000e-02  -2.18921159284193e+00
  -3.66000000000000e-02  -2.18210548802792e+00
  -3.67000000000000e-02  -2.17504144895740e+00
  -3.68000000000000e-02  -2.16801911532898e+00
  -3.69000000000000e-02  -2.16103813087023e+00
  -3.70000000000000e-02  -2.15409814328225e+00
  -3.71000000000000e-02  -2.14719880418508e+00
  -3.72000000000000e-02  -2.14033976906399e+00
  -3.73000000000000e-02  -2.13352069721670e+00
  -3.74000000000000e-02  -2.12674125170139e+00
  -3.75000000000000e-02  -2.12000109928560e+00
  -3.76000000000001e-02  -2.11329991039594e+00
  -3.77000000000001e-02  -2.10663735906859e+00
  -3.78000000000001e-02  -2.10001312290063e+00
  -3.79000000000001e-02  -2.09342688300210e+00
  -3.80000000000001e-02  -2.08687832394885e+00
  -3.81000000000001e-02  -2.08036713373620e+00
  -3.82000000000001e-02  -2.07389300373320e+00
  -3.83000000000001e-02  -2.06745562863773e+00
  -3.84000000000001e-02  -2.06105470643230e+00
  -3.85000000000001e-02  -2.05468993834045e+00
  -3.86000000000001e-02  -2.04836102878399e+00
  -3.87000000000001e-02  -2.04206768534073e+00
  -3.88000000000001e-02  -2.03580961870306e+00
  -3.89000000000001e-02  -2.02958654263701e+00
  -3.90000000000001e-02  -2.02339817394206e+00
  -3.91000000000001e-02  -2.01724423241151e+00
  -3.92000000000001e-02  -2.01112444079352e+00
  -3.93000000000001e-02  -2.00503852475267e+00
  -3.94000000000001e-02  -1.99898621283221e+00
  -3.95000000000001e-02  -1.99296723641683e+00
  -3.96000000000001e-02  -1.98698132969599e+00
  -3.97000000000001e-02  -1.98102822962786e+00
  -3.98000000000001e-02  -1.97510767590376e+00
  -3.99000000000001e-02  -1.96921941091323e+00
  -4.00000000000001e-02  -1.96336317970946e+00
  -4.01000000000001e-02  -1.95753872997546e+00
  -4.02000000000001e-02  -1.95174581199057e+00
  -4.03000000000001e-02  -1.94598417859755e+00
  -4.04000000000001e-02  -1.94025358517016e+00
  -4.05000000000001e-02  -1.93455378958121e+00
  -4.06000000000001e-02  -1.92888455217112e+00
  -4.07000000000001e-02  -1.92324563571690e+00
  -4.08000000000001e-02  -1.91763680540163e+00
  -4.09000000000001e-02  -1.91205782878440e+00
  -4.10000000000001e-02  -1.90650847577065e+00
  -4.11000000000002e-02  -1.90098851858303e+00
  -4.12000000000002e-02  -1.89549773173256e+00
  -4.13000000000002e-02  -1.89003589199038e+00
  -4.14000000000002e-02  -1.88460277835975e+00
  -4.15000000000002e-02  -1.87919817204862e+00
  -4.16000000000002e-02  -1.87382185644245e+00
  -4.17000000000002e-02  -1.86847361707753e+00
  -4.18000000000002e-02  -1.86315324161468e+00
  -4.19000000000002e-02  -1.85786051981325e+00
  -4.20000000000002e-02  -1.85259524350561e+00
  -4.21000000000002e-02  -1.84735720657191e+00
  -4.22000000000002e-02  -1.84214620491529e+00
  -4.23000000000002e-02  -1.83696203643737e+00
  -4.24000000000002e-02  -1.83180450101416e+00
  -4.25000000000002e-02  -1.82667340047223e+00
  -4.26000000000002e-02  -1.82156853856534e+00
  -4.27000000000002e-02  -1.81648972095129e+00
  -4.28000000000002e-02  -1.81143675516916e+00
  -4.29000000000002e-02  -1.80640945061685e+00
  -4.30000000000002e-02  -1.80140761852896e+00
  -4.31000000000002e-02  -1.79643107195496e+00
  -4.32000000000002e-02  -1.79147962573770e+00
  -4.33000000000002e-02  -1.78655309649215e+00
  -4.34000000000002e-02  -1.78165130258454e+00
  -4.35000000000002e-02  -1.77677406411172e+00
  -4.36000000000002e-02  -1.77192120288083e+00
  -4.37000000000002e-02  -1.76709254238924e+00
  -4.38000000000002e-02  -1.76228790780482e+00
  -4.39000000000002e-02  -1.75750712594640e+00
  -4.40000000000002e-02  -1.75275002526458e+00
  -4.41000000000002e-02  -1.74801643582275e+00
  -4.42000000000002e-02  -1.74330618927842e+00
  -4.43000000000002e-02  -1.73861911886474e+00
  -4.44000000000002e-02  -1.73395505937237e+00
  -4.45000000000002e-02  -1.72931384713148e+00
  -4.46000000000003e-02  -1.72469531999413e+00
  -4.47000000000003e-02  -1.72009931731675e+00
  -4.48000000000003e-02  -1.71552567994298e+00
  -4.49000000000003e-02  -1.71097425018665e+00
  -4.50000000000003e-02  -1.70644487181509e+00
  -4.51000000000003e-02  -1.70193739003254e+00
  -4.52000000000003e-02  -1.69745165146389e+00
  -4.53000000000003e-02  -1.69298750413861e+00
  -4.54000000000003e-02  -1.68854479747486e+00
  -4.55000000000003e-02  -1.68412338226385e+00
  -4.56000000000003e-02  -1.67972311065442e+00
  -4.57000000000003e-02  -1.67534383613775e+00
  -4.58000000000003e-02  -1.67098541353241e+00
  -4.59000000000003e-02  -1.66664769896946e+00
  -4.60000000000003e-02  -1.66233054987783e+00
  -4.61000000000003e-02  -1.65803382496991e+00
  -4.62000000000003e-02  -1.65375738422728e+00
  -4.63000000000003e-02  -1.64950108888663e+00
  -4.64000000000003e-02  -1.64526480142590e+00
  -4.65000000000003e-02  -1.64104838555060e+00
  -4.66000000000003e-02  -1.63685170618027e+00
  -4.67000000000003e-02  -1.63267462943516e+00
  -4.68000000000003e-02  -1.62851702262304e+00
  -4.69000000000003e-02  -1.62437875422624e+00
  -4.70000000000003e-02  -1.62025969388880e+00
  -4.71000000000003e-02  -1.61615971240382e+00
  -4.72000000000003e-02  -1.61207868170097e+00
  -4.73000000000003e-02  -1.60801647483417e+00
  -4.74000000000003e-02  -1.60397296596937e+00
  -4.75000000000003e-02  -1.59994803037258e+00
  -4.76000000000003e-02  -1.59594154439801e+00
  -4.77000000000003e-02  -1.59195338547630e+00
  -4.78000000000003e-02  -1.58798343210303e+00
  -4.79000000000003e-02  -1.58403156382727e+00
  -4.80000000000003e-02  -1.58009766124031e+00
  -4.81000000000004e-02  -1.57618160596453e+00
  -4.82000000000004e-02  -1.57228328064246e+00
  -4.83000000000004e-02  -1.56840256892588e+00
  -4.84000000000004e-02  -1.56453935546514e+00
  -4.85000000000004e-02  -1.56069352589857e+00
  -4.86000000000004e-02  -1.55686496684206e+00
  -4.87000000000004e-02  -1.55305356587876e+00
  -4.88000000000004e-02  -1.54925921154885e+00
  -4.89000000000004e-02  -1.54548179333955e+00
  -4.90000000000004e-02  -1.54172120167513e+00
  -4.91000000000004e-02  -1.53797732790716e+00
  -4.92000000000004e-02  -1.53425006430482e+00
  -4.93000000000004e-02  -1.53053930404529e+00
  -4.94000000000004e-02  -1.52684494120437e+00
  -4.95000000000004e-02  -1.52316687074711e+00
  -4.96000000000004e-02  -1.51950498851864e+00
  -4.97000000000004e-02  -1.51585919123501e+00
  -4.98000000000004e-02  -1.51222937647428e+00
  -4.99000000000004e-02  -1.50861544266756e+00
  -5.00000000000004e-02  -1.50501728909033e+00
  -5.01000000000004e-02  -1.50143481585370e+00
  -5.02000000000004e-02  -1.49786792389592e+00
  -5.03000000000004e-02  -1.49431651497387e+00
  -5.04000000000004e-02  -1.49078049165478e+00
  -5.05000000000004e-02  -1.48725975730790e+00
  -5.06000000000004e-02  -1.48375421609643e+00
  -5.07000000000004e-02  -1.48026377296944e+00
  -5.08000000000004e-02  -1.47678833365389e+00
  -5.09000000000004e-02  -1.47332780464682e+00
  -5.10000000000004e-02  -1.46988209320756e+00
  -5.11000000000004e-02  -1.46645110735007e+00
  -5.12000000000004e-02  -1.46303475583537e+00
  -5.13000000000004e-02  -1.45963294816402e+00
  -5.14000000000004e-02  -1.45624559456878e+00
  -5.15000000000004e-02  -1.45287260600724e+00
  -5.16000000000005e-02  -1.44951389415463e+00
  -5.17000000000005e-02  -1.44616937139667e+00
  -5.18000000000005e-02  -1.44283895082254e+00
  -5.19000000000005e-02  -1.43952254621787e+00
  -5.20000000000005e-02  -1.43622007205789e+00
  -5.21000000000005e-02  -1.43293144350060e+00
  -5.22000000000005e-02  -1.42965657638005e+00
  -5.23000000000005e-02  -1.42639538719968e+00
  -5.24000000000005e-02  -1.42314779312579e+00
  -5.25000000000005e-02  -1.41991371198099e+00
  -5.26000000000005e-02  -1.41669306223781e+00
  -5.27000000000005e-02  -1.41348576301237e+00
  -5.28000000000005e-02  -1.41029173405809e+00
  -5.29000000000005e-02  -1.40711089575947e+00
  -5.30000000000005e-02  -1.40394316912602e+00
  -5.31000000000005e-02  -1.40078847578618e+00
  -5.32000000000005e-02  -1.39764673798130e+00
  -5.33000000000005e-02  -1.39451787855977e+00
  -5.34000000000005e-02  -1.39140182097115e+00
  -5.35000000000005e-02  -1.38829848926040e+00
  -5.36000000000005e-02  -1.38520780806215e+00
  -5.37000000000005e-02  -1.38212970259505e+00
  -5.38000000000005e-02  -1.37906409865620e+00
  -5.39000000000005e-02  -1.37601092261561e+00
  -5.40000000000005e-02  -1.37297010141074e+00
  -5.41000000000005e-02  -1.36994156254113e+00
  -5.42000000000005e-02  -1.36692523406301e+00
  -5.43000000000005e-02  -1.36392104458408e+00
  -5.44000000000005e-02  -1.36092892325826e+00
  -5.45000000000005e-02  -1.35794879978053e+00
  -5.46000000000005e-02  -1.35498060438185e+00
  -5.47000000000005e-02  -1.35202426782409e+00
  -5.48000000000005e-02  -1.34907972139506e+00
  -5.49000000000005e-02  -1.34614689690359e+00
  -5.50000000000005e-02  -1.34322572667462e+00
  -5.51000000000006e-02  -1.34031614354440e+00
  -5.52000000000006e-02  -1.33741808085571e+00
  -5.53000000000006e-02  -1.33453147245318e+00
  -5.54000000000006e-02  -1.33165625267855e+00
  -5.55000000000006e-02  -1.32879235636616e+00
  -5.56000000000006e-02  -1.32593971883828e+00
  -5.57000000000006e-02  -1.32309827590070e+00
  -5.58000000000006e-02  -1.32026796383819e+00
  -5.59000000000006e-02  -1.31744871941012e+00
  -5.60000000000006e-02  -1.31464047984611e+00
  -5.61000000000006e-02  -1.31184318284170e+00
  -5.62000000000006e-02  -1.30905676655405e+00
  -5.63000000000006e-02  -1.30628116959778e+00
  -5.64000000000006e-02  -1.30351633104073e+00
  -5.65000000000006e-02  -1.30076219039988e+00
  -5.66000000000006e-02  -1.29801868763722e+00
  -5.67000000000006e-02  -1.29528576315575e+00
  -5.68000000000006e-02  -1.29256335779543e+00
  -5.69000000000006e-02  -1.28985141282928e+00
  -5.70000000000006e-02  -1.28714986995941e+00
  -5.71000000000006e-02  -1.28445867131321e+00
  -5.72000000000006e-02  -1.28177775943947e+00
  -5.73000000000006e-02  -1.27910707730460e+00
  -5.74000000000006e-02  -1.27644656828892e+00
  -5.75000000000006e-02  -1.27379617618289e+00
  -5.76000000000006e-02  -1.27115584518350e+00
  -5.77000000000006e-02  -1.26852551989060e+00
  -5.78000000000006e-02  -1.26590514530332e+00
  -5.79000000000006e-02  -1.26329466681655e+00
  -5.80000000000006e-02  -1.26069403021735e+00
  -5.81000000000006e-02  -1.25810318168155e+00
  -5.82000000000006e-02  -1.25552206777026e+00
  -5.83000000000006e-02  -1.25295063542648e+00
  -5.84000000000006e-02  -1.25038883197174e+00
  -5.85000000000006e-02  -1.24783660510274e+00
  -5.86000000000007e-02  -1.24529390288807e+00
  -5.87000000000007e-02  -1.24276067376495e+00
  -5.88000000000007e-02  -1.24023686653598e+00
  -5.89000000000007e-02  -1.23772243036595e+00
  -5.90000000000007e-02  -1.23521731477869e+00
  -5.91000000000007e-02  -1.23272146965393e+00
  -5.92000000000007e-02  -1.23023484522418e+00
  -5.93000000000007e-02  -1.22775739207170e+00
  -5.94000000000007e-02  -1.22528906112544e+00
  -5.95000000000007e-02  -1.22282980365805e+00
  -5.96000000000007e-02  -1.22037957128290e+00
  -5.97000000000007e-02  -1.21793831595113e+00
  -5.98000000000007e-02  -1.21550598994878e+00
  -5.99000000000007e-02  -1.21308254589383e+00
  -6.00000000000007e-02  -1.21066793673343e+00
  -6.01000000000007e-02  -1.20826211574103e+00
  -6.02000000000007e-02  -1.20586503651359e+00
  -6.03000000000007e-02  -1.20347665296883e+00
  -6.04000000000007e-02  -1.20109691934248e+00
  -6.05000000000007e-02  -1.19872579018557e+00
  -6.06000000000007e-02  -1.19636322036174e+00
  -6.07000000000007e-02  -1.19400916504462e+00
  -6.08000000000007e-02  -1.19166357971515e+00
  -6.09000000000007e-02  -1.18932642015902e+00
  -6.10000000000007e-02  -1.18699764246407e+00
  -6.11000000000007e-02  -1.18467720301775e+00
  -6.12000000000007e-02  -1.18236505850458e+00
  -6.13000000000007e-02  -1.18006116590369e+00
  -6.14000000000007e-02  -1.17776548248630e+00
  -6.15000000000007e-02  -1.17547796581329e+00
  -6.16000000000007e-02  -1.17319857373279e+00
  -6.17000000000007e-02  -1.17092726437775e+00
  -6.18000000000007e-02  -1.16866399616359e+00
  -6.19000000000007e-02  -1.16640872778582e+00
  -6.20000000000007e-02  -1.16416141821772e+00
  -6.21000000000008e-02  -1.16192202670807e+00
  -6.22000000000008e-02  -1.15969051277879e+00
  -6.23000000000008e-02  -1.15746683622276e+00
  -6.24000000000008e-02  -1.15525095710150e+00
  -6.25000000000008e-02  -1.15304283574303e+00
  -6.26000000000008e-02  -1.15084243273963e+00
  -6.27000000000008e-02  -1.14864970894565e+00
  -6.28000000000008e-02  -1.14646462547541e+00
  -6.29000000000008e-02  -1.14428714370103e+00
  -6.30000000000008e-02  -1.14211722525033e+00
  -6.31000000000008e-02  -1.13995483200474e+00
  -6.32000000000008e-02  -1.13779992609720e+00
  -6.33000000000008e-02  -1.13565246991019e+00
  -6.34000000000008e-02  -1.13351242607360e+00
  -6.35000000000008e-02  -1.13137975746279e+00
  -6.36000000000008e-02  -1.12925442719658e+00
  -6.37000000000008e-02  -1.12713639863525e+00
  -6.38000000000008e-02  -1.12502563537864e+00
  -6.39000000000008e-02  -1.12292210126417e+00
  -6.40000000000008e-02  -1.12082576036494e+00
  -6.41000000000008e-02  -1.11873657698784e+00
  -6.42000000000008e-02  -1.11665451567166e+00
  -6.43000000000008e-02  -1.11457954118525e+00
  -6.44000000000008e-02  -1.11251161852564e+00
  -6.45000000000008e-02  -1.11045071291625e+00
  -6.46000000000008e-02  -1.10839678980506e+00
  -6.47000000000008e-02  -1.10634981486282e+00
  -6.48000000000008e-02  -1.10430975398130e+00
  -6.49000000000008e-02  -1.10227657327150e+00
  -6.50000000000008e-02  -1.10025023906191e+00
  -6.51000000000008e-02  -1.09823071789684e+00
  -6.52000000000008e-02  -1.09621797653463e+00
  -6.53000000000008e-02  -1.09421198194602e+00
  -6.54000000000008e-02  -1.09221270131245e+00
  -6.55000000000008e-02  -1.09022010202440e+00
  -6.56000000000009e-02  -1.08823415167975e+00
  -6.57000000000009e-02  -1.08625481808215e+00
  -6.58000000000009e-02  -1.08428206923939e+00
  -6.59000000000009e-02  -1.08231587336185e+00
  -6.60000000000009e-02  -1.08035619886085e+00
  -6.61000000000009e-02  -1.07840301434712e+00
  -6.62000000000009e-02  -1.07645628862924e+00
  -6.63000000000009e-02  -1.07451599071209e+00
  -6.64000000000009e-02  -1.07258208979535e+00
  -6.65000000000009e-02  -1.07065455527195e+00
  -6.66000000000009e-02  -1.06873335672658e+00
  -6.67000000000009e-02  -1.06681846393425e+00
  -6.68000000000009e-02  -1.06490984685876e+00
  -6.69000000000009e-02  -1.06300747565128e+00
  -6.70000000000009e-02  -1.06111132064888e+00
  -6.71000000000009e-02  -1.05922135237312e+00
  -6.72000000000009e-02  -1.05733754152865e+00
  -6.73000000000009e-02  -1.05545985900176e+00
  -6.74000000000009e-02  -1.05358827585900e+00
  -6.75000000000009e-02  -1.05172276334584e+00
  -6.76000000000009e-02  -1.04986329288525e+00
  -6.77000000000009e-02  -1.04800983607640e+00
  -6.78000000000009e-02  -1.04616236469326e+00
  -6.79000000000009e-02  -1.04432085068332e+00
  -6.80000000000009e-02  -1.04248526616624e+00
  -6.81000000000009e-02  -1.04065558343258e+00
  -6.82000000000009e-02  -1.03883177494246e+00
  -6.83000000000009e-02  -1.03701381332430e+00
  -6.84000000000009e-02  -1.03520167137358e+00
  -6.85000000000009e-02  -1.03339532205151e+00
  -6.86000000000009e-02  -1.03159473848386e+00
  -6.87000000000009e-02  -1.02979989395967e+00
  -6.88000000000009e-02  -1.02801076193004e+00
  -6.89000000000009e-02  -1.02622731600693e+00
  -6.90000000000009e-02  -1.02444952996192e+00
  -6.91000000000010e-02  -1.02267737772506e+00
  -6.92000000000010e-02  -1.02091083338365e+00
  -6.93000000000010e-02  -1.01914987118111e+00
  -6.94000000000010e-02  -1.01739446551576e+00
  -6.95000000000010e-02  -1.01564459093973e+00
  -6.96000000000010e-02  -1.01390022215777e+00
  -6.97000000000010e-02  -1.01216133402616e+00
  -6.98000000000010e-02  -1.01042790155155e+00
  -6.99000000000010e-02  -1.00869989988987e+00
  -7.00000000000010e-02  -1.00697730434524e+00
  -7.01000000000010e-02  -1.00526009036885e+00
  -7.02000000000010e-02  -1.00354823355788e+00
  -7.03000000000010e-02  -1.00184170965447e+00
  -7.04000000000010e-02  -1.00014049454460e+00
  -7.05000000000010e-02  -9.98444564257061e-01
  -7.06000000000010e-02  -9.96753894962428e-01
  -7.07000000000010e-02  -9.95068462971992e-01
  -7.08000000000010e-02  -9.93388244736750e-01
  -7.09000000000010e-02  -9.91713216846386e-01
  -7.10000000000010e-02  -9.90043356028257e-01
  -7.11000000000010e-02  -9.88378639146400e-01
  -7.12000000000010e-02  -9.86719043200532e-01
  -7.13000000000010e-02  -9.85064545325075e-01
  -7.14000000000010e-02  -9.83415122788173e-01
  -7.15000000000010e-02  -9.81770752990734e-01
  -7.16000000000010e-02  -9.80131413465465e-01
  -7.17000000000010e-02  -9.78497081875926e-01
  -7.18000000000010e-02  -9.76867736015590e-01
  -7.19000000000010e-02  -9.75243353806902e-01
  -7.20000000000010e-02  -9.73623913300364e-01
  -7.21000000000010e-02  -9.72009392673609e-01
  -7.22000000000010e-02  -9.70399770230493e-01
  -7.23000000000010e-02  -9.68795024400195e-01
  -7.24000000000010e-02  -9.67195133736323e-01
  -7.25000000000010e-02  -9.65600076916024e-01
  -7.26000000000011e-02  -9.64009832739105e-01
  -7.27000000000011e-02  -9.62424380127165e-01
  -7.28000000000011e-02  -9.60843698122727e-01
  -7.29000000000011e-02  -9.59267765888381e-01
  -7.30000000000011e-02  -9.57696562705935e-01
  -7.31000000000011e-02  -9.56130067975574e-01
  -7.32000000000011e-02  -9.54568261215020e-01
  -7.33000000000011e-02  -9.53011122058706e-01
  -7.34000000000011e-02  -9.51458630256955e-01
  -7.35000000000011e-02  -9.49910765675163e-01
  -7.36000000000011e-02  -9.48367508292992e-01
  -7.37000000000011e-02  -9.46828838203570e-01
  -7.38000000000011e-02  -9.45294735612693e-01
  -7.39000000000011e-02  -9.43765180838041e-01
  -7.40000000000011e-02  -9.42240154308395e-01
  -7.41000000000011e-02  -9.40719636562859e-01
  -7.42000000000011e-02  -9.39203608250098e-01
  -7.43000000000011e-02  -9.37692050127571e-01
  -7.44000000000011e-02  -9.36184943060774e-01
  -7.45000000000011e-02  -9.34682268022496e-01
  -7.46000000000011e-02  -9.33184006092071e-01
  -7.47000000000011e-02  -9.31690138454642e-01
  -7.48000000000011e-02  -9.30200646400432e-01
  -7.49000000000011e-02  -9.28715511324014e-01
  -7.50000000000011e-02  -9.27234714723597e-01
  -7.51000000000011e-02  -9.25758238200310e-01
  -7.52000000000011e-02  -9.24286063457493e-01
  -7.53000000000011e-02  -9.22818172300000e-01
  -7.54000000000011e-02  -9.21354546633498e-01
  -7.55000000000011e-02  -9.19895168463781e-01
  -7.56000000000011e-02  -9.18440019896082e-01
  -7.57000000000011e-02  -9.16989083134396e-01
  -7.58000000000011e-02  -9.15542340480806e-01
  -7.59000000000011e-02  -9.14099774334812e-01
  -7.60000000000011e-02  -9.12661367192676e-01
  -7.61000000000012e-02  -9.11227101646755e-01
  -7.62000000000012e-02  -9.09796960384856e-01
  -7.63000000000012e-02  -9.08370926189586e-01
  -7.64000000000012e-02  -9.06948981937714e-01
  -7.65000000000012e-02  -9.05531110599528e-01
  -7.66000000000012e-02  -9.04117295238211e-01
  -7.67000000000012e-02  -9.02707519009211e-01
  -7.68000000000012e-02  -9.01301765159619e-01
  -7.69000000000012e-02  -8.99900017027557e-01
  -7.70000000000012e-02  -8.98502258041563e-01
  -7.71000000000012e-02  -8.97108471719984e-01
  -7.72000000000012e-02  -8.95718641670380e-01
  -7.73000000000012e-02  -8.94332751588920e-01
  -7.74000000000012e-02  -8.92950785259797e-01
  -7.75000000000012e-02  -8.91572726554634e-01
  -7.76000000000012e-02  -8.90198559431908e-01
  -7.77000000000012e-02  -8.88828267936367e-01
  -7.78000000000012e-02  -8.87461836198459e-01
  -7.79000000000012e-02  -8.86099248433762e-01
  -7.80000000000012e-02  -8.84740488942420e-01
  -7.81000000000012e-02  -8.83385542108585e-01
  -7.82000000000012e-02  -8.82034392399858e-01
  -7.83000000000012e-02  -8.80687024366741e-01
  -7.84000000000012e-02  -8.79343422642087e-01
  -7.85000000000012e-02  -8.78003571940562e-01
  -7.86000000000012e-02  -8.76667457058102e-01
  -7.87000000000012e-02  -8.75335062871382e-01
  -7.88000000000012e-02  -8.74006374337284e-01
  -7.89000000000012e-02  -8.72681376492375e-01
  -7.90000000000012e-02  -8.71360054452379e-01
  -7.91000000000012e-02  -8.70042393411668e-01
  -7.92000000000012e-02  -8.68728378642741e-01
  -7.93000000000012e-02  -8.67417995495716e-01
  -7.94000000000012e-02  -8.66111229397828e-01
  -7.95000000000013e-02  -8.64808065852924e-01
  -7.96000000000013e-02  -8.63508490440967e-01
  -7.97000000000013e-02  -8.62212488817541e-01
  -7.98000000000013e-02  -8.60920046713360e-01
  -7.99000000000013e-02  -8.59631149933783e-01
  -8.00000000000013e-02  -8.58345784358333e-01
  -8.01000000000013e-02  -8.57063935940215e-01
  -8.02000000000013e-02  -8.55785590705841e-01
  -8.03000000000013e-02  -8.54510734754363e-01
  -8.04000000000013e-02  -8.53239354257198e-01
  -8.05000000000013e-02  -8.51971435457570e-01
  -8.06000000000013e-02  -8.50706964670045e-01
  -8.07000000000013e-02  -8.49445928280075e-01
  -8.08000000000013e-02  -8.48188312743545e-01
  -8.09000000000013e-02  -8.46934104586324e-01
  -8.10000000000013e-02  -8.45683290403812e-01
  -8.11000000000013e-02  -8.44435856860505e-01
  -8.12000000000013e-02  -8.43191790689548e-01
  -8.13000000000013e-02  -8.41951078692301e-01
  -8.14000000000013e-02  -8.40713707737907e-01
  -8.15000000000013e-02  -8.39479664762857e-01
  -8.16000000000013e-02  -8.38248936770568e-01
  -8.17000000000013e-02  -8.37021510830958e-01
  -8.18000000000013e-02  -8.35797374080023e-01
  -8.19000000000013e-02  -8.34576513719422e-01
  -8.20000000000013e-02  -8.33358917016063e-01
  -8.21000000000013e-02  -8.32144571301690e-01
  -8.22000000000013e-02  -8.30933463972476e-01
  -8.23000000000013e-02  -8.29725582488619e-01
  -8.24000000000013e-02  -8.28520914373937e-01
  -8.25000000000013e-02  -8.27319447215472e-01
  -8.26000000000013e-02  -8.26121168663094e-01
  -8.27000000000013e-02  -8.24926066429105e-01
  -8.28000000000013e-02  -8.23734128287853e-01
  -8.29000000000013e-02  -8.22545342075341e-01
  -8.30000000000014e-02  -8.21359695688845e-01
  -8.31000000000014e-02  -8.20177177086532e-01
  -8.32000000000014e-02  -8.18997774287080e-01
  -8.33000000000014e-02  -8.17821475369306e-01
  -8.34000000000014e-02  -8.16648268471787e-01
  -8.35000000000014e-02  -8.15478141792495e-01
  -8.36000000000014e-02  -8.14311083588426e-01
  -8.37000000000014e-02  -8.13147082175240e-01
  -8.38000000000014e-02  -8.11986125926890e-01
  -8.39000000000014e-02  -8.10828203275272e-01
  -8.40000000000014e-02  -8.09673302709862e-01
  -8.41000000000014e-02  -8.08521412777363e-01
  -8.42000000000014e-02  -8.07372522081357e-01
  -8.43000000000014e-02  -8.06226619281948e-01
  -8.44000000000014e-02  -8.05083693095425e-01
  -8.45000000000014e-02  -8.03943732293912e-01
  -8.46000000000014e-02  -8.02806725705024e-01
  -8.47000000000014e-02  -8.01672662211538e-01
  -8.48000000000014e-02  -8.00541530751044e-01
  -8.49000000000014e-02  -7.99413320315621e-01
  -8.50000000000014e-02  -7.98288019951500e-01
  -8.51000000000014e-02  -7.97165618758737e-01
  -8.52000000000014e-02  -7.96046105890882e-01
  -8.53000000000014e-02  -7.94929470554662e-01
  -8.54000000000014e-02  -7.93815702009651e-01
  -8.55000000000014e-02  -7.92704789567955e-01
  -8.56000000000014e-02  -7.91596722593891e-01
  -8.57000000000014e-02  -7.90491490503677e-01
  -8.58000000000014e-02  -7.89389082765113e-01
  -8.59000000000014e-02  -7.88289488897272e-01
  -8.60000000000014e-02  -7.87192698470196e-01
  -8.61000000000014e-02  -7.86098701104581e-01
  -8.62000000000014e-02  -7.85007486471483e-01
  -8.63000000000014e-02  -7.83919044292007e-01
  -8.64000000000014e-02  -7.82833364337011e-01
  -8.65000000000015e-02  -7.81750436426811e-01
  -8.66000000000015e-02  -7.80670250430880e-01
  -8.67000000000015e-02  -7.79592796267560e-01
  -8.68000000000015e-02  -7.78518063903765e-01
  -8.69000000000015e-02  -7.77446043354696e-01
  -8.70000000000015e-02  -7.76376724683552e-01
  -8.71000000000015e-02  -7.75310098001248e-01
  -8.72000000000015e-02  -7.74246153466123e-01
  -8.73000000000015e-02  -7.73184881283671e-01
  -8.74000000000015e-02  -7.72126271706252e-01
  -8.75000000000015e-02  -7.71070315032818e-01
  -8.76000000000015e-02  -7.70017001608640e-01
  -8.77000000000015e-02  -7.68966321825031e-01
  -8.78000000000015e-02  -7.67918266119078e-01
  -8.79000000000015e-02  -7.66872824973368e-01
  -8.80000000000015e-02  -7.65829988915727e-01
  -8.81000000000015e-02  -7.64789748518945e-01
  -8.82000000000015e-02  -7.63752094400522e-01
  -8.83000000000015e-02  -7.62717017222399e-01
  -8.84000000000015e-02  -7.61684507690701e-01
  -8.85000000000015e-02  -7.60654556555477e-01
  -8.86000000000015e-02  -7.59627154610444e-01
  -8.87000000000015e-02  -7.58602292692732e-01
  -8.88000000000015e-02  -7.57579961682633e-01
  -8.89000000000015e-02  -7.56560152503345e-01
  -8.90000000000015e-02  -7.55542856120727e-01
  -8.91000000000015e-02  -7.54528063543048e-01
  -8.92000000000015e-02  -7.53515765820745e-01
  -8.93000000000015e-02  -7.52505954046172e-01
  -8.94000000000015e-02  -7.51498619353364e-01
  -8.95000000000015e-02  -7.50493752917792e-01
  -8.96000000000015e-02  -7.49491345956125e-01
  -8.97000000000015e-02  -7.48491389725991e-01
  -8.98000000000015e-02  -7.47493875525743e-01
  -8.99000000000015e-02  -7.46498794694222e-01
  -9.00000000000016e-02  -7.45506138610525e-01
  -9.01000000000016e-02  -7.44515898693776e-01
  -9.02000000000016e-02  -7.43528066402893e-01
  -9.03000000000016e-02  -7.42542633236362e-01
  -9.04000000000016e-02  -7.41559590732007e-01
  -9.05000000000016e-02  -7.40578930466770e-01
  -9.06000000000016e-02  -7.39600644056485e-01
  -9.07000000000016e-02  -7.38624723155655e-01
  -9.08000000000016e-02  -7.37651159457232e-01
  -9.09000000000016e-02  -7.36679944692400e-01
  -9.10000000000016e-02  -7.35711070630355e-01
  -9.11000000000016e-02  -7.34744529078091e-01
  -9.12000000000016e-02  -7.33780311880182e-01
  -9.13000000000016e-02  -7.32818410918575e-01
  -9.14000000000016e-02  -7.31858818112371e-01
  -9.15000000000016e-02  -7.30901525417621e-01
  -9.16000000000016e-02  -7.29946524827112e-01
  -9.17000000000016e-02  -7.28993808370164e-01
  -9.18000000000016e-02  -7.28043368112422e-01
  -9.19000000000016e-02  -7.27095196155650e-01
  -9.20000000000016e-02  -7.26149284637530e-01
  -9.21000000000016e-02  -7.25205625731459e-01
  -9.22000000000016e-02  -7.24264211646349e-01
  -9.23000000000016e-02  -7.23325034626427e-01
  -9.24000000000016e-02  -7.22388086951038e-01
  -9.25000000000016e-02  -7.21453360934445e-01
  -9.26000000000016e-02  -7.20520848925642e-01
  -9.27000000000016e-02  -7.19590543308150e-01
  -9.28000000000016e-02  -7.18662436499831e-01
  -9.29000000000016e-02  -7.17736520952694e-01
  -9.30000000000016e-02  -7.16812789152705e-01
  -9.31000000000016e-02  -7.15891233619601e-01
  -9.32000000000016e-02  -7.14971846906697e-01
  -9.33000000000016e-02  -7.14054621600704e-01
  -9.34000000000016e-02  -7.13139550321543e-01
  -9.35000000000017e-02  -7.12226625722158e-01
  -9.36000000000017e-02  -7.11315840488339e-01
  -9.37000000000017e-02  -7.10407187338536e-01
  -9.38000000000017e-02  -7.09500659023680e-01
  -9.39000000000017e-02  -7.08596248327003e-01
  -9.40000000000017e-02  -7.07693948063862e-01
  -9.41000000000017e-02  -7.06793751081561e-01
  -9.42000000000017e-02  -7.05895650259176e-01
  -9.43000000000017e-02  -7.04999638507378e-01
  -9.44000000000017e-02  -7.04105708768265e-01
  -9.45000000000017e-02  -7.03213854015183e-01
  -9.46000000000017e-02  -7.02324067252561e-01
  -9.47000000000017e-02  -7.01436341515738e-01
  -9.48000000000017e-02  -7.00550669870792e-01
  -9.49000000000017e-02  -6.99667045414380e-01
  -9.50000000000017e-02  -6.98785461273560e-01
  -9.51000000000017e-02  -6.97905910605638e-01
  -9.52000000000017e-02  -6.97028386597991e-01
  -9.53000000000017e-02  -6.96152882467915e-01
  -9.54000000000017e-02  -6.95279391462453e-01
  -9.55000000000017e-02  -6.94407906858240e-01
  -9.56000000000017e-02  -6.93538421961340e-01
  -9.57000000000017e-02  -6.92670930107088e-01
  -9.58000000000017e-02  -6.91805424659931e-01
  -9.59000000000017e-02  -6.90941899013269e-01
  -9.60000000000017e-02  -6.90080346589305e-01
  -9.61000000000017e-02  -6.89220760838879e-01
  -9.62000000000017e-02  -6.88363135241327e-01
  -9.63000000000017e-02  -6.87507463304316e-01
  -9.64000000000017e-02  -6.86653738563699e-01
  -9.65000000000017e-02  -6.85801954583362e-01
  -9.66000000000017e-02  -6.84952104955072e-01
  -9.67000000000017e-02  -6.84104183298330e-01
  -9.68000000000017e-02  -6.83258183260219e-01
  -9.69000000000017e-02  -6.82414098515263e-01
  -9.70000000000018e-02  -6.81571922765272e-01
  -9.71000000000018e-02  -6.80731649739206e-01
  -9.72000000000018e-02  -6.79893273193021e-01
  -9.73000000000018e-02  -6.79056786909531e-01
  -9.74000000000018e-02  -6.78222184698265e-01
  -9.75000000000018e-02  -6.77389460395323e-01
  -9.76000000000018e-02  -6.76558607863235e-01
  -9.77000000000018e-02  -6.75729620990823e-01
  -9.78000000000018e-02  -6.74902493693059e-01
  -9.79000000000018e-02  -6.74077219910930e-01
  -9.80000000000018e-02  -6.73253793611298e-01
  -9.81000000000018e-02  -6.72432208786762e-01
  -9.82000000000018e-02  -6.71612459455526e-01
  -9.83000000000018e-02  -6.70794539661264e-01
  -9.84000000000018e-02  -6.69978443472981e-01
  -9.85000000000018e-02  -6.69164164984884e-01
  -9.86000000000018e-02  -6.68351698316249e-01
  -9.87000000000018e-02  -6.67541037611290e-01
  -9.88000000000018e-02  -6.66732177039026e-01
  -9.89000000000018e-02  -6.65925110793152e-01
  -9.90000000000018e-02  -6.65119833091911e-01
  -9.91000000000018e-02  -6.64316338177966e-01
  -9.92000000000018e-02  -6.63514620318268e-01
  -9.93000000000018e-02  -6.62714673803937e-01
  -9.94000000000018e-02  -6.61916492950130e-01
  -9.95000000000018e-02  -6.61120072095915e-01
  -9.96000000000018e-02  -6.60325405604154e-01
  -9.97000000000018e-02  -6.59532487861371e-01
  -9.98000000000018e-02  -6.58741313277634e-01
  -9.99000000000018e-02  -6.57951876286432e-01
  -1.00000000000002e-01  -6.57164171344553e-01
