0.00E+00	3.00000000000E+01
1.00E-04	3.04458918290E+01
2.00E-04	3.08836342656E+01
3.00E-04	3.13133269146E+01
4.00E-04	3.17350682977E+01
5.00E-04	3.21489558642E+01
6.00E-04	3.25550860022E+01
7.00E-04	3.29535540499E+01
8.00E-04	3.33444543065E+01
9.00E-04	3.37278800424E+01
1.00E-03	3.41039235108E+01
1.10E-03	3.44726759574E+01
1.20E-03	3.48342276316E+01
1.30E-03	3.51886677961E+01
1.40E-03	3.55360847380E+01
1.50E-03	3.58765657783E+01
1.60E-03	3.62101972821E+01
1.70E-03	3.65370646687E+01
1.80E-03	3.68572524213E+01
1.90E-03	3.71708440970E+01
2.00E-03	3.74779223360E+01
2.10E-03	3.77785688715E+01
2.20E-03	3.80728645390E+01
2.30E-03	3.83608892856E+01
2.40E-03	3.86427221796E+01
2.50E-03	3.89184414191E+01
2.60E-03	3.91881243417E+01
2.70E-03	3.94518474328E+01
2.80E-03	3.97096863351E+01
2.90E-03	3.99617158572E+01
3.00E-03	4.02080099820E+01
3.10E-03	4.04486418756E+01
3.20E-03	4.06836838961E+01
3.30E-03	4.09132076014E+01
3.40E-03	4.11372837579E+01
3.50E-03	4.13559823491E+01
3.60E-03	4.15693725832E+01
3.70E-03	4.17775229013E+01
3.80E-03	4.19805009860E+01
3.90E-03	4.21783737686E+01
4.00E-03	4.23712074374E+01
4.10E-03	4.25590674454E+01
4.20E-03	4.27420185177E+01
4.30E-03	4.29201246598E+01
4.40E-03	4.30934491644E+01
4.50E-03	4.32620546193E+01
4.60E-03	4.34260029147E+01
4.70E-03	4.35853552504E+01
4.80E-03	4.37401721432E+01
4.90E-03	4.38905134342E+01
5.00E-03	4.40364382952E+01
5.10E-03	4.41780052367E+01
5.20E-03	4.43152721141E+01
5.30E-03	4.44482961350E+01
5.40E-03	4.45771338656E+01
5.50E-03	4.47018412381E+01
5.60E-03	4.48224735565E+01
5.70E-03	4.49390855040E+01
5.80E-03	4.50517311489E+01
5.90E-03	4.51604639517E+01
6.00E-03	4.52653367710E+01
6.10E-03	4.53664018698E+01
6.20E-03	4.54637109223E+01
6.30E-03	4.55573150195E+01
6.40E-03	4.56472646759E+01
6.50E-03	4.57336098350E+01
6.60E-03	4.58163998758E+01
6.70E-03	4.58956836185E+01
6.80E-03	4.59715093305E+01
6.90E-03	4.60439247322E+01
7.00E-03	4.61129770028E+01
7.10E-03	4.61787127860E+01
7.20E-03	4.62411781955E+01
7.30E-03	4.63004188209E+01
7.40E-03	4.63564797331E+01
7.50E-03	4.64094054897E+01
7.60E-03	4.64592401407E+01
7.70E-03	4.65060272333E+01
7.80E-03	4.65498098181E+01
7.90E-03	4.65906304534E+01
8.00E-03	4.66285312113E+01
8.10E-03	4.66635536820E+01
8.20E-03	4.66957389797E+01
8.30E-03	4.67251277472E+01
8.40E-03	4.67517601608E+01
8.50E-03	4.67756759356E+01
8.60E-03	4.67969143304E+01
8.70E-03	4.68155141520E+01
8.80E-03	4.68315137607E+01
8.90E-03	4.68449510746E+01
9.00E-03	4.68558635744E+01
9.10E-03	4.68642883082E+01
9.20E-03	4.68702618959E+01
9.30E-03	4.68738205339E+01
9.40E-03	4.68749999994E+01
9.50E-03	4.68738356552E+01
9.60E-03	4.68703624539E+01
9.70E-03	4.68646149422E+01
9.80E-03	4.68566272655E+01
9.90E-03	4.68464331718E+01
1.00E-02	4.68340660163E+01
1.01E-02	4.68195587655E+01
1.02E-02	4.68029440011E+01
1.03E-02	4.67842539244E+01
1.04E-02	4.67635203605E+01
1.05E-02	4.67407747617E+01
1.06E-02	4.67160482121E+01
1.07E-02	4.66893714315E+01
1.08E-02	4.66607747787E+01
1.09E-02	4.66302882562E+01
1.10E-02	4.65979415133E+01
1.11E-02	4.65637638504E+01
1.12E-02	4.65277842226E+01
1.13E-02	4.64900312430E+01
1.14E-02	4.64505331870E+01
1.15E-02	4.64093179956E+01
1.16E-02	4.63664132789E+01
1.17E-02	4.63218463200E+01
1.18E-02	4.62756440780E+01
1.19E-02	4.62278331922E+01
1.20E-02	4.61784399846E+01
1.21E-02	4.61274904644E+01
1.22E-02	4.60750103303E+01
1.23E-02	4.60210249747E+01
1.24E-02	4.59655594865E+01
1.25E-02	4.59086386546E+01
1.26E-02	4.58502869711E+01
1.27E-02	4.57905286342E+01
1.28E-02	4.57293875521E+01
1.29E-02	4.56668873452E+01
1.30E-02	4.56030513501E+01
1.31E-02	4.55379026219E+01
1.32E-02	4.54714639379E+01
1.33E-02	4.54037578000E+01
1.34E-02	4.53348064383E+01
1.35E-02	4.52646318136E+01
1.36E-02	4.51932556204E+01
1.37E-02	4.51206992899E+01
1.38E-02	4.50469839927E+01
1.39E-02	4.49721306420E+01
1.40E-02	4.48961598957E+01
1.41E-02	4.48190921600E+01
1.42E-02	4.47409475915E+01
1.43E-02	4.46617461002E+01
1.44E-02	4.45815073521E+01
1.45E-02	4.45002507720E+01
1.46E-02	4.44179955460E+01
1.47E-02	4.43347606238E+01
1.48E-02	4.42505647221E+01
1.49E-02	4.41654263263E+01
1.50E-02	4.40793636933E+01
1.51E-02	4.39923948545E+01
1.52E-02	4.39045376172E+01
1.53E-02	4.38158095682E+01
1.54E-02	4.37262280754E+01
1.55E-02	4.36358102906E+01
1.56E-02	4.35445731517E+01
1.57E-02	4.34525333850E+01
1.58E-02	4.33597075078E+01
1.59E-02	4.32661118303E+01
1.60E-02	4.31717624582E+01
1.61E-02	4.30766752949E+01
1.62E-02	4.29808660434E+01
1.63E-02	4.28843502090E+01
1.64E-02	4.27871431010E+01
1.65E-02	4.26892598353E+01
1.66E-02	4.25907153360E+01
1.67E-02	4.24915243383E+01
1.68E-02	4.23917013896E+01
1.69E-02	4.22912608525E+01
1.70E-02	4.21902169060E+01
1.71E-02	4.20885835483E+01
1.72E-02	4.19863745983E+01
1.73E-02	4.18836036977E+01
1.74E-02	4.17802843131E+01
1.75E-02	4.16764297377E+01
1.76E-02	4.15720530935E+01
1.77E-02	4.14671673328E+01
1.78E-02	4.13617852406E+01
1.79E-02	4.12559194361E+01
1.80E-02	4.11495823745E+01
1.81E-02	4.10427863491E+01
1.82E-02	4.09355434930E+01
1.83E-02	4.08278657806E+01
1.84E-02	4.07197650298E+01
1.85E-02	4.06112529036E+01
1.86E-02	4.05023409116E+01
1.87E-02	4.03930404119E+01
1.88E-02	4.02833626130E+01
1.89E-02	4.01733185749E+01
1.90E-02	4.00629192115E+01
1.91E-02	3.99521752915E+01
1.92E-02	3.98410974406E+01
1.93E-02	3.97296961429E+01
1.94E-02	3.96179817422E+01
1.95E-02	3.95059644441E+01
1.96E-02	3.93936543172E+01
1.97E-02	3.92810612947E+01
1.98E-02	3.91681951760E+01
1.99E-02	3.90550656281E+01
2.00E-02	3.89416821873E+01
2.01E-02	3.88280542603E+01
2.02E-02	3.87141911261E+01
2.03E-02	3.86001019371E+01
2.04E-02	3.84857957206E+01
2.05E-02	3.83712813804E+01
2.06E-02	3.82565676980E+01
2.07E-02	3.81416633341E+01
2.08E-02	3.80265768300E+01
2.09E-02	3.79113166086E+01
2.10E-02	3.77958909763E+01
2.11E-02	3.76803081239E+01
2.12E-02	3.75645761281E+01
2.13E-02	3.74487029528E+01
2.14E-02	3.73326964502E+01
2.15E-02	3.72165643623E+01
2.16E-02	3.71003143222E+01
2.17E-02	3.69839538549E+01
2.18E-02	3.68674903792E+01
2.19E-02	3.67509312082E+01
2.20E-02	3.66342835512E+01
2.21E-02	3.65175545144E+01
2.22E-02	3.64007511023E+01
2.23E-02	3.62838802186E+01
2.24E-02	3.61669486679E+01
2.25E-02	3.60499631563E+01
2.26E-02	3.59329302928E+01
2.27E-02	3.58158565902E+01
2.28E-02	3.56987484666E+01
2.29E-02	3.55816122461E+01
2.30E-02	3.54644541601E+01
2.31E-02	3.53472803484E+01
2.32E-02	3.52300968599E+01
2.33E-02	3.51129096542E+01
2.34E-02	3.49957246022E+01
2.35E-02	3.48785474873E+01
2.36E-02	3.47613840066E+01
2.37E-02	3.46442397714E+01
2.38E-02	3.45271203088E+01
2.39E-02	3.44100310620E+01
2.40E-02	3.42929773921E+01
2.41E-02	3.41759645783E+01
2.42E-02	3.40589978194E+01
2.43E-02	3.39420822342E+01
2.44E-02	3.38252228632E+01
2.45E-02	3.37084246686E+01
2.46E-02	3.35916925361E+01
2.47E-02	3.34750312750E+01
2.48E-02	3.33584456198E+01
2.49E-02	3.32419402306E+01
2.50E-02	3.31255196942E+01
2.51E-02	3.30091885248E+01
2.52E-02	3.28929511650E+01
2.53E-02	3.27768119868E+01
2.54E-02	3.26607752919E+01
2.55E-02	3.25448453131E+01
2.56E-02	3.24290262148E+01
2.57E-02	3.23133220939E+01
2.58E-02	3.21977369807E+01
2.59E-02	3.20822748395E+01
2.60E-02	3.19669395694E+01
2.61E-02	3.18517350053E+01
2.62E-02	3.17366649184E+01
2.63E-02	3.16217330172E+01
2.64E-02	3.15069429481E+01
2.65E-02	3.13922982961E+01
2.66E-02	3.12778025856E+01
2.67E-02	3.11634592813E+01
2.68E-02	3.10492717885E+01
2.69E-02	3.09352434544E+01
2.70E-02	3.08213775681E+01
2.71E-02	3.07076773620E+01
2.72E-02	3.05941460119E+01
2.73E-02	3.04807866380E+01
2.74E-02	3.03676023057E+01
2.75E-02	3.02545960259E+01
2.76E-02	3.01417707558E+01
2.77E-02	3.00291293997E+01
2.78E-02	2.99166748095E+01
2.79E-02	2.98044097853E+01
2.80E-02	2.96923370762E+01
2.81E-02	2.95804593809E+01
2.82E-02	2.94687793479E+01
2.83E-02	2.93572995770E+01
2.84E-02	2.92460226188E+01
2.85E-02	2.91349509763E+01
2.86E-02	2.90240871047E+01
2.87E-02	2.89134334126E+01
2.88E-02	2.88029922622E+01
2.89E-02	2.86927659700E+01
2.90E-02	2.85827568073E+01
2.91E-02	2.84729670009E+01
2.92E-02	2.83633987334E+01
2.93E-02	2.82540541442E+01
2.94E-02	2.81449353294E+01
2.95E-02	2.80360443430E+01
2.96E-02	2.79273831968E+01
2.97E-02	2.78189538616E+01
2.98E-02	2.77107582671E+01
2.99E-02	2.76027983027E+01
3.00E-02	2.74950758181E+01
3.01E-02	2.73875926235E+01
3.02E-02	2.72803504905E+01
3.03E-02	2.71733511520E+01
3.04E-02	2.70665963035E+01
3.05E-02	2.69600876028E+01
3.06E-02	2.68538266710E+01
3.07E-02	2.67478150926E+01
3.08E-02	2.66420544162E+01
3.09E-02	2.65365461549E+01
3.10E-02	2.64312917868E+01
3.11E-02	2.63262927553E+01
3.12E-02	2.62215504698E+01
3.13E-02	2.61170663057E+01
3.14E-02	2.60128416053E+01
3.15E-02	2.59088776781E+01
3.16E-02	2.58051758011E+01
3.17E-02	2.57017372191E+01
3.18E-02	2.55985631456E+01
3.19E-02	2.54956547627E+01
3.20E-02	2.53930132218E+01
3.21E-02	2.52906396439E+01
3.22E-02	2.51885351200E+01
3.23E-02	2.50867007115E+01
3.24E-02	2.49851374507E+01
3.25E-02	2.48838463408E+01
3.26E-02	2.47828283569E+01
3.27E-02	2.46820844459E+01
3.28E-02	2.45816155268E+01
3.29E-02	2.44814224915E+01
3.30E-02	2.43815062050E+01
3.31E-02	2.42818675054E+01
3.32E-02	2.41825072047E+01
3.33E-02	2.40834260892E+01
3.34E-02	2.39846249192E+01
3.35E-02	2.38861044302E+01
3.36E-02	2.37878653325E+01
3.37E-02	2.36899083122E+01
3.38E-02	2.35922340308E+01
3.39E-02	2.34948431262E+01
3.40E-02	2.33977362127E+01
3.41E-02	2.33009138812E+01
3.42E-02	2.32043766999E+01
3.43E-02	2.31081252142E+01
3.44E-02	2.30121599474E+01
3.45E-02	2.29164814006E+01
3.46E-02	2.28210900533E+01
3.47E-02	2.27259863636E+01
3.48E-02	2.26311707686E+01
3.49E-02	2.25366436845E+01
3.50E-02	2.24424055069E+01
3.51E-02	2.23484566113E+01
3.52E-02	2.22547973533E+01
3.53E-02	2.21614280687E+01
3.54E-02	2.20683490739E+01
3.55E-02	2.19755606664E+01
3.56E-02	2.18830631246E+01
3.57E-02	2.17908567084E+01
3.58E-02	2.16989416594E+01
3.59E-02	2.16073182012E+01
3.60E-02	2.15159865396E+01
3.61E-02	2.14249468626E+01
3.62E-02	2.13341993413E+01
3.63E-02	2.12437441295E+01
3.64E-02	2.11535813642E+01
3.65E-02	2.10637111660E+01
3.66E-02	2.09741336391E+01
3.67E-02	2.08848488716E+01
3.68E-02	2.07958569358E+01
3.69E-02	2.07071578884E+01
3.70E-02	2.06187517706E+01
3.71E-02	2.05306386086E+01
3.72E-02	2.04428184137E+01
3.73E-02	2.03552911823E+01
3.74E-02	2.02680568965E+01
3.75E-02	2.01811155240E+01
3.76E-02	2.00944670185E+01
3.77E-02	2.00081113199E+01
3.78E-02	1.99220483544E+01
3.79E-02	1.98362780348E+01
3.80E-02	1.97508002607E+01
3.81E-02	1.96656149185E+01
3.82E-02	1.95807218820E+01
3.83E-02	1.94961210123E+01
3.84E-02	1.94118121581E+01
3.85E-02	1.93277951558E+01
3.86E-02	1.92440698298E+01
3.87E-02	1.91606359925E+01
3.88E-02	1.90774934448E+01
3.89E-02	1.89946419762E+01
3.90E-02	1.89120813645E+01
3.91E-02	1.88298113767E+01
3.92E-02	1.87478317688E+01
3.93E-02	1.86661422860E+01
3.94E-02	1.85847426628E+01
3.95E-02	1.85036326234E+01
3.96E-02	1.84228118816E+01
3.97E-02	1.83422801413E+01
3.98E-02	1.82620370963E+01
3.99E-02	1.81820824306E+01
4.00E-02	1.81024158188E+01
4.01E-02	1.80230369259E+01
4.02E-02	1.79439454076E+01
4.03E-02	1.78651409105E+01
4.04E-02	1.77866230721E+01
4.05E-02	1.77083915214E+01
4.06E-02	1.76304458784E+01
4.07E-02	1.75527857547E+01
4.08E-02	1.74754107534E+01
4.09E-02	1.73983204696E+01
4.10E-02	1.73215144900E+01
4.11E-02	1.72449923935E+01
4.12E-02	1.71687537512E+01
4.13E-02	1.70927981265E+01
4.14E-02	1.70171250752E+01
4.15E-02	1.69417341458E+01
4.16E-02	1.68666248794E+01
4.17E-02	1.67917968100E+01
4.18E-02	1.67172494646E+01
4.19E-02	1.66429823633E+01
4.20E-02	1.65689950195E+01
4.21E-02	1.64952869398E+01
4.22E-02	1.64218576244E+01
4.23E-02	1.63487065672E+01
4.24E-02	1.62758332555E+01
4.25E-02	1.62032371709E+01
4.26E-02	1.61309177886E+01
4.27E-02	1.60588745781E+01
4.28E-02	1.59871070029E+01
4.29E-02	1.59156145209E+01
4.30E-02	1.58443965846E+01
4.31E-02	1.57734526406E+01
4.32E-02	1.57027821306E+01
4.33E-02	1.56323844908E+01
4.34E-02	1.55622591522E+01
4.35E-02	1.54924055410E+01
4.36E-02	1.54228230781E+01
4.37E-02	1.53535111800E+01
4.38E-02	1.52844692581E+01
4.39E-02	1.52156967193E+01
4.40E-02	1.51471929660E+01
4.41E-02	1.50789573961E+01
4.42E-02	1.50109894032E+01
4.43E-02	1.49432883765E+01
4.44E-02	1.48758537014E+01
4.45E-02	1.48086847588E+01
4.46E-02	1.47417809259E+01
4.47E-02	1.46751415759E+01
4.48E-02	1.46087660783E+01
4.49E-02	1.45426537989E+01
4.50E-02	1.44768040997E+01
4.51E-02	1.44112163393E+01
4.52E-02	1.43458898730E+01
4.53E-02	1.42808240524E+01
4.54E-02	1.42160182260E+01
4.55E-02	1.41514717392E+01
4.56E-02	1.40871839341E+01
4.57E-02	1.40231541498E+01
4.58E-02	1.39593817225E+01
4.59E-02	1.38958659854E+01
4.60E-02	1.38326062691E+01
4.61E-02	1.37696019011E+01
4.62E-02	1.37068522066E+01
4.63E-02	1.36443565080E+01
4.64E-02	1.35821141253E+01
4.65E-02	1.35201243760E+01
4.66E-02	1.34583865752E+01
4.67E-02	1.33969000357E+01
4.68E-02	1.33356640681E+01
4.69E-02	1.32746779808E+01
4.70E-02	1.32139410801E+01
4.71E-02	1.31534526703E+01
4.72E-02	1.30932120536E+01
4.73E-02	1.30332185305E+01
4.74E-02	1.29734713995E+01
4.75E-02	1.29139699572E+01
4.76E-02	1.28547134989E+01
4.77E-02	1.27957013177E+01
4.78E-02	1.27369327055E+01
4.79E-02	1.26784069526E+01
4.80E-02	1.26201233475E+01
4.81E-02	1.25620811777E+01
4.82E-02	1.25042797291E+01
4.83E-02	1.24467182863E+01
4.84E-02	1.23893961327E+01
4.85E-02	1.23323125504E+01
4.86E-02	1.22754668204E+01
4.87E-02	1.22188582227E+01
4.88E-02	1.21624860360E+01
4.89E-02	1.21063495383E+01
4.90E-02	1.20504480064E+01
4.91E-02	1.19947807164E+01
4.92E-02	1.19393469435E+01
4.93E-02	1.18841459620E+01
4.94E-02	1.18291770456E+01
4.95E-02	1.17744394671E+01
4.96E-02	1.17199324989E+01
4.97E-02	1.16656554126E+01
4.98E-02	1.16116074794E+01
4.99E-02	1.15577879697E+01
5.00E-02	1.15041961537E+01
5.01E-02	1.14508313010E+01
5.02E-02	1.13976926810E+01
5.03E-02	1.13447795625E+01
5.04E-02	1.12920912142E+01
5.05E-02	1.12396269045E+01
5.06E-02	1.11873859013E+01
5.07E-02	1.11353674728E+01
5.08E-02	1.10835708867E+01
5.09E-02	1.10319954106E+01
5.10E-02	1.09806403123E+01
5.11E-02	1.09295048593E+01
5.12E-02	1.08785883191E+01
5.13E-02	1.08278899594E+01
5.14E-02	1.07774090480E+01
5.15E-02	1.07271448526E+01
5.16E-02	1.06770966411E+01
5.17E-02	1.06272636819E+01
5.18E-02	1.05776452431E+01
5.19E-02	1.05282405934E+01
5.20E-02	1.04790490017E+01
5.21E-02	1.04300697371E+01
5.22E-02	1.03813020693E+01
5.23E-02	1.03327452681E+01
5.24E-02	1.02843986038E+01
5.25E-02	1.02362613472E+01
5.26E-02	1.01883327696E+01
5.27E-02	1.01406121425E+01
5.28E-02	1.00930987383E+01
5.29E-02	1.00457918298E+01
5.30E-02	9.99869069024E+00
5.31E-02	9.95179459366E+00
5.32E-02	9.90510281467E+00
5.33E-02	9.85861462852E+00
5.34E-02	9.81232931117E+00
5.35E-02	9.76624613927E+00
5.36E-02	9.72036439023E+00
5.37E-02	9.67468334221E+00
5.38E-02	9.62920227417E+00
5.39E-02	9.58392046585E+00
5.40E-02	9.53883719785E+00
5.41E-02	9.49395175163E+00
5.42E-02	9.44926340951E+00
5.43E-02	9.40477145474E+00
5.44E-02	9.36047517147E+00
5.45E-02	9.31637384481E+00
5.46E-02	9.27246676084E+00
5.47E-02	9.22875320662E+00
5.48E-02	9.18523247023E+00
5.49E-02	9.14190384076E+00
5.50E-02	9.09876660839E+00
5.51E-02	9.05582006433E+00
5.52E-02	9.01306350090E+00
5.53E-02	8.97049621151E+00
5.54E-02	8.92811749073E+00
5.55E-02	8.88592663423E+00
5.56E-02	8.84392293889E+00
5.57E-02	8.80210570273E+00
5.58E-02	8.76047422499E+00
5.59E-02	8.71902780613E+00
5.60E-02	8.67776574780E+00
5.61E-02	8.63668735296E+00
5.62E-02	8.59579192578E+00
5.63E-02	8.55507877174E+00
5.64E-02	8.51454719759E+00
5.65E-02	8.47419651143E+00
5.66E-02	8.43402602263E+00
5.67E-02	8.39403504195E+00
5.68E-02	8.35422288147E+00
5.69E-02	8.31458885465E+00
5.70E-02	8.27513227633E+00
5.71E-02	8.23585246275E+00
5.72E-02	8.19674873154E+00
5.73E-02	8.15782040177E+00
5.74E-02	8.11906679394E+00
5.75E-02	8.08048722999E+00
5.76E-02	8.04208103331E+00
5.77E-02	8.00384752877E+00
5.78E-02	7.96578604273E+00
5.79E-02	7.92789590303E+00
5.80E-02	7.89017643902E+00
5.81E-02	7.85262698154E+00
5.82E-02	7.81524686300E+00
5.83E-02	7.77803541732E+00
5.84E-02	7.74099197996E+00
5.85E-02	7.70411588794E+00
5.86E-02	7.66740647986E+00
5.87E-02	7.63086309588E+00
5.88E-02	7.59448507775E+00
5.89E-02	7.55827176881E+00
5.90E-02	7.52222251401E+00
5.91E-02	7.48633665991E+00
5.92E-02	7.45061355467E+00
5.93E-02	7.41505254811E+00
5.94E-02	7.37965299167E+00
5.95E-02	7.34441423841E+00
5.96E-02	7.30933564309E+00
5.97E-02	7.27441656209E+00
5.98E-02	7.23965635347E+00
5.99E-02	7.20505437696E+00
6.00E-02	7.17060999398E+00
6.01E-02	7.13632256762E+00
6.02E-02	7.10219146267E+00
6.03E-02	7.06821604562E+00
6.04E-02	7.03439568467E+00
6.05E-02	7.00072974972E+00
6.06E-02	6.96721761241E+00
6.07E-02	6.93385864607E+00
6.08E-02	6.90065222578E+00
6.09E-02	6.86759772835E+00
6.10E-02	6.83469453233E+00
6.11E-02	6.80194201801E+00
6.12E-02	6.76933956743E+00
6.13E-02	6.73688656438E+00
6.14E-02	6.70458239442E+00
6.15E-02	6.67242644485E+00
6.16E-02	6.64041810475E+00
6.17E-02	6.60855676497E+00
6.18E-02	6.57684181814E+00
6.19E-02	6.54527265865E+00
6.20E-02	6.51384868268E+00
6.21E-02	6.48256928820E+00
6.22E-02	6.45143387497E+00
6.23E-02	6.42044184453E+00
6.24E-02	6.38959260021E+00
6.25E-02	6.35888554716E+00
6.26E-02	6.32832009232E+00
6.27E-02	6.29789564441E+00
6.28E-02	6.26761161399E+00
6.29E-02	6.23746741340E+00
6.30E-02	6.20746245681E+00
6.31E-02	6.17759616019E+00
6.32E-02	6.14786794133E+00
6.33E-02	6.11827721982E+00
6.34E-02	6.08882341710E+00
6.35E-02	6.05950595639E+00
6.36E-02	6.03032426275E+00
6.37E-02	6.00127776308E+00
6.38E-02	5.97236588607E+00
6.39E-02	5.94358806225E+00
6.40E-02	5.91494372397E+00
6.41E-02	5.88643230543E+00
6.42E-02	5.85805324263E+00
6.43E-02	5.82980597341E+00
6.44E-02	5.80168993742E+00
6.45E-02	5.77370457618E+00
6.46E-02	5.74584933301E+00
6.47E-02	5.71812365306E+00
6.48E-02	5.69052698333E+00
6.49E-02	5.66305877262E+00
6.50E-02	5.63571847160E+00
6.51E-02	5.60850553274E+00
6.52E-02	5.58141941035E+00
6.53E-02	5.55445956058E+00
6.54E-02	5.52762544139E+00
6.55E-02	5.50091651260E+00
6.56E-02	5.47433223583E+00
6.57E-02	5.44787207455E+00
6.58E-02	5.42153549405E+00
6.59E-02	5.39532196145E+00
6.60E-02	5.36923094568E+00
6.61E-02	5.34326191753E+00
6.62E-02	5.31741434959E+00
6.63E-02	5.29168771628E+00
6.64E-02	5.26608149385E+00
6.65E-02	5.24059516036E+00
6.66E-02	5.21522819570E+00
6.67E-02	5.18998008158E+00
6.68E-02	5.16485030153E+00
6.69E-02	5.13983834089E+00
6.70E-02	5.11494368681E+00
6.71E-02	5.09016582826E+00
6.72E-02	5.06550425604E+00
6.73E-02	5.04095846272E+00
6.74E-02	5.01652794273E+00
6.75E-02	4.99221219225E+00
6.76E-02	4.96801070932E+00
6.77E-02	4.94392299374E+00
6.78E-02	4.91994854714E+00
6.79E-02	4.89608687292E+00
6.80E-02	4.87233747631E+00
6.81E-02	4.84869986430E+00
6.82E-02	4.82517354571E+00
6.83E-02	4.80175803111E+00
6.84E-02	4.77845283290E+00
6.85E-02	4.75525746522E+00
6.86E-02	4.73217144402E+00
6.87E-02	4.70919428703E+00
6.88E-02	4.68632551376E+00
6.89E-02	4.66356464547E+00
6.90E-02	4.64091120522E+00
6.91E-02	4.61836471784E+00
6.92E-02	4.59592470989E+00
6.93E-02	4.57359070974E+00
6.94E-02	4.55136224750E+00
6.95E-02	4.52923885503E+00
6.96E-02	4.50722006597E+00
6.97E-02	4.48530541568E+00
6.98E-02	4.46349444130E+00
6.99E-02	4.44178668169E+00
7.00E-02	4.42018167748E+00
7.01E-02	4.39867897102E+00
7.02E-02	4.37727810640E+00
7.03E-02	4.35597862944E+00
7.04E-02	4.33478008771E+00
7.05E-02	4.31368203049E+00
7.06E-02	4.29268400878E+00
7.07E-02	4.27178557531E+00
7.08E-02	4.25098628452E+00
7.09E-02	4.23028569258E+00
7.10E-02	4.20968335734E+00
7.11E-02	4.18917883839E+00
7.12E-02	4.16877169699E+00
7.13E-02	4.14846149613E+00
7.14E-02	4.12824780047E+00
7.15E-02	4.10813017638E+00
7.16E-02	4.08810819190E+00
7.17E-02	4.06818141678E+00
7.18E-02	4.04834942243E+00
7.19E-02	4.02861178194E+00
7.20E-02	4.00896807009E+00
7.21E-02	3.98941786330E+00
7.22E-02	3.96996073969E+00
7.23E-02	3.95059627901E+00
7.24E-02	3.93132406268E+00
7.25E-02	3.91214367379E+00
7.26E-02	3.89305469706E+00
7.27E-02	3.87405671886E+00
7.28E-02	3.85514932721E+00
7.29E-02	3.83633211176E+00
7.30E-02	3.81760466379E+00
7.31E-02	3.79896657623E+00
7.32E-02	3.78041744361E+00
7.33E-02	3.76195686210E+00
7.34E-02	3.74358442949E+00
7.35E-02	3.72529974517E+00
7.36E-02	3.70710241014E+00
7.37E-02	3.68899202702E+00
7.38E-02	3.67096820002E+00
7.39E-02	3.65303053495E+00
7.40E-02	3.63517863922E+00
7.41E-02	3.61741212180E+00
7.42E-02	3.59973059329E+00
7.43E-02	3.58213366582E+00
7.44E-02	3.56462095315E+00
7.45E-02	3.54719207056E+00
7.46E-02	3.52984663493E+00
7.47E-02	3.51258426469E+00
7.48E-02	3.49540457983E+00
7.49E-02	3.47830720189E+00
7.50E-02	3.46129175398E+00
7.51E-02	3.44435786074E+00
7.52E-02	3.42750514833E+00
7.53E-02	3.41073324449E+00
7.54E-02	3.39404177847E+00
7.55E-02	3.37743038104E+00
7.56E-02	3.36089868450E+00
7.57E-02	3.34444632268E+00
7.58E-02	3.32807293091E+00
7.59E-02	3.31177814603E+00
7.60E-02	3.29556160641E+00
7.61E-02	3.27942295189E+00
7.62E-02	3.26336182382E+00
7.63E-02	3.24737786505E+00
7.64E-02	3.23147071989E+00
7.65E-02	3.21564003417E+00
7.66E-02	3.19988545518E+00
7.67E-02	3.18420663168E+00
7.68E-02	3.16860321391E+00
7.69E-02	3.15307485357E+00
7.70E-02	3.13762120381E+00
7.71E-02	3.12224191926E+00
7.72E-02	3.10693665599E+00
7.73E-02	3.09170507151E+00
7.74E-02	3.07654682477E+00
7.75E-02	3.06146157619E+00
7.76E-02	3.04644898757E+00
7.77E-02	3.03150872220E+00
7.78E-02	3.01664044474E+00
7.79E-02	3.00184382130E+00
7.80E-02	2.98711851939E+00
7.81E-02	2.97246420795E+00
7.82E-02	2.95788055732E+00
7.83E-02	2.94336723921E+00
7.84E-02	2.92892392678E+00
7.85E-02	2.91455029453E+00
7.86E-02	2.90024601840E+00
7.87E-02	2.88601077566E+00
7.88E-02	2.87184424499E+00
7.89E-02	2.85774610645E+00
7.90E-02	2.84371604145E+00
7.91E-02	2.82975373278E+00
7.92E-02	2.81585886456E+00
7.93E-02	2.80203112231E+00
7.94E-02	2.78827019288E+00
7.95E-02	2.77457576445E+00
7.96E-02	2.76094752656E+00
7.97E-02	2.74738517010E+00
7.98E-02	2.73388838727E+00
7.99E-02	2.72045687160E+00
8.00E-02	2.70709031796E+00
8.01E-02	2.69378842252E+00
8.02E-02	2.68055088278E+00
8.03E-02	2.66737739754E+00
8.04E-02	2.65426766691E+00
8.05E-02	2.64122139230E+00
8.06E-02	2.62823827641E+00
8.07E-02	2.61531802325E+00
8.08E-02	2.60246033809E+00
8.09E-02	2.58966492751E+00
8.10E-02	2.57693149935E+00
8.11E-02	2.56425976274E+00
8.12E-02	2.55164942805E+00
8.13E-02	2.53910020694E+00
8.14E-02	2.52661181233E+00
8.15E-02	2.51418395839E+00
8.16E-02	2.50181636053E+00
8.17E-02	2.48950873542E+00
8.18E-02	2.47726080097E+00
8.19E-02	2.46507227633E+00
8.20E-02	2.45294288187E+00
8.21E-02	2.44087233920E+00
8.22E-02	2.42886037116E+00
8.23E-02	2.41690670179E+00
8.24E-02	2.40501105636E+00
8.25E-02	2.39317316135E+00
8.26E-02	2.38139274444E+00
8.27E-02	2.36966953452E+00
8.28E-02	2.35800326167E+00
8.29E-02	2.34639365717E+00
8.30E-02	2.33484045348E+00
8.31E-02	2.32334338424E+00
8.32E-02	2.31190218429E+00
8.33E-02	2.30051658963E+00
8.34E-02	2.28918633743E+00
8.35E-02	2.27791116604E+00
8.36E-02	2.26669081496E+00
8.37E-02	2.25552502484E+00
8.38E-02	2.24441353750E+00
8.39E-02	2.23335609591E+00
8.40E-02	2.22235244417E+00
8.41E-02	2.21140232753E+00
8.42E-02	2.20050549237E+00
8.43E-02	2.18966168622E+00
8.44E-02	2.17887065770E+00
8.45E-02	2.16813215660E+00
8.46E-02	2.15744593378E+00
8.47E-02	2.14681174126E+00
8.48E-02	2.13622933214E+00
8.49E-02	2.12569846064E+00
8.50E-02	2.11521888207E+00
8.51E-02	2.10479035285E+00
8.52E-02	2.09441263048E+00
8.53E-02	2.08408547357E+00
8.54E-02	2.07380864178E+00
8.55E-02	2.06358189589E+00
8.56E-02	2.05340499774E+00
8.57E-02	2.04327771022E+00
8.58E-02	2.03319979732E+00
8.59E-02	2.02317102407E+00
8.60E-02	2.01319115659E+00
8.61E-02	2.00325996202E+00
8.62E-02	1.99337720857E+00
8.63E-02	1.98354266550E+00
8.64E-02	1.97375610310E+00
8.65E-02	1.96401729270E+00
8.66E-02	1.95432600668E+00
8.67E-02	1.94468201844E+00
8.68E-02	1.93508510240E+00
8.69E-02	1.92553503402E+00
8.70E-02	1.91603158975E+00
8.71E-02	1.90657454709E+00
8.72E-02	1.89716368452E+00
8.73E-02	1.88779878154E+00
8.74E-02	1.87847961865E+00
8.75E-02	1.86920597735E+00
8.76E-02	1.85997764013E+00
8.77E-02	1.85079439047E+00
8.78E-02	1.84165601284E+00
8.79E-02	1.83256229269E+00
8.80E-02	1.82351301645E+00
8.81E-02	1.81450797151E+00
8.82E-02	1.80554694626E+00
8.83E-02	1.79662973002E+00
8.84E-02	1.78775611311E+00
8.85E-02	1.77892588677E+00
8.86E-02	1.77013884322E+00
8.87E-02	1.76139477562E+00
8.88E-02	1.75269347810E+00
8.89E-02	1.74403474568E+00
8.90E-02	1.73541837438E+00
8.91E-02	1.72684416112E+00
8.92E-02	1.71831190375E+00
8.93E-02	1.70982140105E+00
8.94E-02	1.70137245275E+00
8.95E-02	1.69296485947E+00
8.96E-02	1.68459842275E+00
8.97E-02	1.67627294505E+00
8.98E-02	1.66798822974E+00
8.99E-02	1.65974408108E+00
9.00E-02	1.65154030425E+00
9.01E-02	1.64337670531E+00
9.02E-02	1.63525309122E+00
9.03E-02	1.62716926984E+00
9.04E-02	1.61912504991E+00
9.05E-02	1.61112024104E+00
9.06E-02	1.60315465372E+00
9.07E-02	1.59522809934E+00
9.08E-02	1.58734039013E+00
9.09E-02	1.57949133922E+00
9.10E-02	1.57168076056E+00
9.11E-02	1.56390846900E+00
9.12E-02	1.55617428023E+00
9.13E-02	1.54847801080E+00
9.14E-02	1.54081947810E+00
9.15E-02	1.53319850037E+00
9.16E-02	1.52561489669E+00
9.17E-02	1.51806848699E+00
9.18E-02	1.51055909203E+00
9.19E-02	1.50308653338E+00
9.20E-02	1.49565063347E+00
9.21E-02	1.48825121555E+00
9.22E-02	1.48088810366E+00
9.23E-02	1.47356112270E+00
9.24E-02	1.46627009835E+00
9.25E-02	1.45901485713E+00
9.26E-02	1.45179522633E+00
9.27E-02	1.44461103409E+00
9.28E-02	1.43746210931E+00
9.29E-02	1.43034828172E+00
9.30E-02	1.42326938180E+00
9.31E-02	1.41622524087E+00
9.32E-02	1.40921569101E+00
9.33E-02	1.40224056507E+00
9.34E-02	1.39529969672E+00
9.35E-02	1.38839292037E+00
9.36E-02	1.38152007121E+00
9.37E-02	1.37468098522E+00
9.38E-02	1.36787549913E+00
9.39E-02	1.36110345044E+00
9.40E-02	1.35436467739E+00
9.41E-02	1.34765901900E+00
9.42E-02	1.34098631505E+00
9.43E-02	1.33434640604E+00
9.44E-02	1.32773913324E+00
9.45E-02	1.32116433866E+00
9.46E-02	1.31462186504E+00
9.47E-02	1.30811155587E+00
9.48E-02	1.30163325536E+00
9.49E-02	1.29518680848E+00
9.50E-02	1.28877206088E+00
9.51E-02	1.28238885898E+00
9.52E-02	1.27603704990E+00
9.53E-02	1.26971648148E+00
9.54E-02	1.26342700227E+00
9.55E-02	1.25716846155E+00
9.56E-02	1.25094070928E+00
9.57E-02	1.24474359616E+00
9.58E-02	1.23857697356E+00
9.59E-02	1.23244069357E+00
9.60E-02	1.22633460897E+00
9.61E-02	1.22025857324E+00
9.62E-02	1.21421244053E+00
9.63E-02	1.20819606571E+00
9.64E-02	1.20220930430E+00
9.65E-02	1.19625201252E+00
9.66E-02	1.19032404726E+00
9.67E-02	1.18442526610E+00
9.68E-02	1.17855552729E+00
9.69E-02	1.17271468972E+00
9.70E-02	1.16690261298E+00
9.71E-02	1.16111915731E+00
9.72E-02	1.15536418360E+00
9.73E-02	1.14963755343E+00
9.74E-02	1.14393912900E+00
9.75E-02	1.13826877318E+00
9.76E-02	1.13262634948E+00
9.77E-02	1.12701172206E+00
9.78E-02	1.12142475572E+00
9.79E-02	1.11586531591E+00
9.80E-02	1.11033326871E+00
9.81E-02	1.10482848082E+00
9.82E-02	1.09935081960E+00
9.83E-02	1.09390015302E+00
9.84E-02	1.08847634968E+00
9.85E-02	1.08307927881E+00
9.86E-02	1.07770881025E+00
9.87E-02	1.07236481445E+00
9.88E-02	1.06704716250E+00
9.89E-02	1.06175572609E+00
9.90E-02	1.05649037751E+00
9.91E-02	1.05125098967E+00
9.92E-02	1.04603743607E+00
9.93E-02	1.04084959083E+00
9.94E-02	1.03568732866E+00
9.95E-02	1.03055052485E+00
9.96E-02	1.02543905530E+00
9.97E-02	1.02035279650E+00
9.98E-02	1.01529162553E+00
9.99E-02	1.01025542005E+00
1.00E-01	1.00524405829E+00