0.00E+00	3.00000000000E+00
1.00E-04	2.98652623121E+00
2.00E-04	2.97310484938E+00
3.00E-04	2.95973574063E+00
4.00E-04	2.94641879017E+00
5.00E-04	2.93315388234E+00
6.00E-04	2.91994090063E+00
7.00E-04	2.90677972768E+00
8.00E-04	2.89367024529E+00
9.00E-04	2.88061233447E+00
1.00E-03	2.86760587544E+00
1.10E-03	2.85465074766E+00
1.20E-03	2.84174682981E+00
1.30E-03	2.82889399987E+00
1.40E-03	2.81609213507E+00
1.50E-03	2.80334111196E+00
1.60E-03	2.79064080639E+00
1.70E-03	2.77799109355E+00
1.80E-03	2.76539184797E+00
1.90E-03	2.75284294356E+00
2.00E-03	2.74034425360E+00
2.10E-03	2.72789565074E+00
2.20E-03	2.71549700709E+00
2.30E-03	2.70314819414E+00
2.40E-03	2.69084908285E+00
2.50E-03	2.67859954361E+00
2.60E-03	2.66639944630E+00
2.70E-03	2.65424866027E+00
2.80E-03	2.64214705438E+00
2.90E-03	2.63009449699E+00
3.00E-03	2.61809085600E+00
3.10E-03	2.60613599883E+00
3.20E-03	2.59422979247E+00
3.30E-03	2.58237210346E+00
3.40E-03	2.57056279794E+00
3.50E-03	2.55880174162E+00
3.60E-03	2.54708879984E+00
3.70E-03	2.53542383752E+00
3.80E-03	2.52380671925E+00
3.90E-03	2.51223730924E+00
4.00E-03	2.50071547135E+00
4.10E-03	2.48924106912E+00
4.20E-03	2.47781396576E+00
4.30E-03	2.46643402417E+00
4.40E-03	2.45510110695E+00
4.50E-03	2.44381507642E+00
4.60E-03	2.43257579461E+00
4.70E-03	2.42138312329E+00
4.80E-03	2.41023692398E+00
4.90E-03	2.39913705794E+00
5.00E-03	2.38808338622E+00
5.10E-03	2.37707576963E+00
5.20E-03	2.36611406876E+00
5.30E-03	2.35519814402E+00
5.40E-03	2.34432785560E+00
5.50E-03	2.33350306353E+00
5.60E-03	2.32272362765E+00
5.70E-03	2.31198940764E+00
5.80E-03	2.30130026304E+00
5.90E-03	2.29065605322E+00
6.00E-03	2.28005663742E+00
6.10E-03	2.26950187477E+00
6.20E-03	2.25899162426E+00
6.30E-03	2.24852574479E+00
6.40E-03	2.23810409513E+00
6.50E-03	2.22772653399E+00
6.60E-03	2.21739291998E+00
6.70E-03	2.20710311163E+00
6.80E-03	2.19685696741E+00
6.90E-03	2.18665434572E+00
7.00E-03	2.17649510493E+00
7.10E-03	2.16637910335E+00
7.20E-03	2.15630619925E+00
7.30E-03	2.14627625087E+00
7.40E-03	2.13628911645E+00
7.50E-03	2.12634465419E+00
7.60E-03	2.11644272230E+00
7.70E-03	2.10658317898E+00
7.80E-03	2.09676588245E+00
7.90E-03	2.08699069094E+00
8.00E-03	2.07725746268E+00
8.10E-03	2.06756605597E+00
8.20E-03	2.05791632910E+00
8.30E-03	2.04830814043E+00
8.40E-03	2.03874134836E+00
8.50E-03	2.02921581134E+00
8.60E-03	2.01973138789E+00
8.70E-03	2.01028793658E+00
8.80E-03	2.00088531607E+00
8.90E-03	1.99152338508E+00
9.00E-03	1.98220200243E+00
9.10E-03	1.97292102702E+00
9.20E-03	1.96368031785E+00
9.30E-03	1.95447973401E+00
9.40E-03	1.94531913473E+00
9.50E-03	1.93619837930E+00
9.60E-03	1.92711732717E+00
9.70E-03	1.91807583789E+00
9.80E-03	1.90907377115E+00
9.90E-03	1.90011098677E+00
1.00E-02	1.89118734470E+00
1.01E-02	1.88230270504E+00
1.02E-02	1.87345692803E+00
1.03E-02	1.86464987407E+00
1.04E-02	1.85588140371E+00
1.05E-02	1.84715137768E+00
1.06E-02	1.83845965684E+00
1.07E-02	1.82980610225E+00
1.08E-02	1.82119057514E+00
1.09E-02	1.81261293691E+00
1.10E-02	1.80407304915E+00
1.11E-02	1.79557077363E+00
1.12E-02	1.78710597231E+00
1.13E-02	1.77867850737E+00
1.14E-02	1.77028824116E+00
1.15E-02	1.76193503625E+00
1.16E-02	1.75361875540E+00
1.17E-02	1.74533926160E+00
1.18E-02	1.73709641804E+00
1.19E-02	1.72889008814E+00
1.20E-02	1.72072013554E+00
1.21E-02	1.71258642408E+00
1.22E-02	1.70448881787E+00
1.23E-02	1.69642718122E+00
1.24E-02	1.68840137868E+00
1.25E-02	1.68041127505E+00
1.26E-02	1.67245673537E+00
1.27E-02	1.66453762491E+00
1.28E-02	1.65665380921E+00
1.29E-02	1.64880515402E+00
1.30E-02	1.64099152540E+00
1.31E-02	1.63321278962E+00
1.32E-02	1.62546881323E+00
1.33E-02	1.61775946304E+00
1.34E-02	1.61008460612E+00
1.35E-02	1.60244410981E+00
1.36E-02	1.59483784172E+00
1.37E-02	1.58726566973E+00
1.38E-02	1.57972746200E+00
1.39E-02	1.57222308696E+00
1.40E-02	1.56475241333E+00
1.41E-02	1.55731531010E+00
1.42E-02	1.54991164655E+00
1.43E-02	1.54254129225E+00
1.44E-02	1.53520411706E+00
1.45E-02	1.52789999112E+00
1.46E-02	1.52062878488E+00
1.47E-02	1.51339036906E+00
1.48E-02	1.50618461470E+00
1.49E-02	1.49901139314E+00
1.50E-02	1.49187057600E+00
1.51E-02	1.48476203522E+00
1.52E-02	1.47768564305E+00
1.53E-02	1.47064127202E+00
1.54E-02	1.46362879500E+00
1.55E-02	1.45664808515E+00
1.56E-02	1.44969901595E+00
1.57E-02	1.44278146119E+00
1.58E-02	1.43589529497E+00
1.59E-02	1.42904039172E+00
1.60E-02	1.42221662619E+00
1.61E-02	1.41542387342E+00
1.62E-02	1.40866200881E+00
1.63E-02	1.40193090805E+00
1.64E-02	1.39523044718E+00
1.65E-02	1.38856050255E+00
1.66E-02	1.38192095083E+00
1.67E-02	1.37531166904E+00
1.68E-02	1.36873253450E+00
1.69E-02	1.36218342490E+00
1.70E-02	1.35566421821E+00
1.71E-02	1.34917479279E+00
1.72E-02	1.34271502728E+00
1.73E-02	1.33628480068E+00
1.74E-02	1.32988399233E+00
1.75E-02	1.32351248190E+00
1.76E-02	1.31717014940E+00
1.77E-02	1.31085687517E+00
1.78E-02	1.30457253990E+00
1.79E-02	1.29831702461E+00
1.80E-02	1.29209021068E+00
1.81E-02	1.28589197980E+00
1.82E-02	1.27972221403E+00
1.83E-02	1.27358079577E+00
1.84E-02	1.26746760775E+00
1.85E-02	1.26138253305E+00
1.86E-02	1.25532545512E+00
1.87E-02	1.24929625771E+00
1.88E-02	1.24329482496E+00
1.89E-02	1.23732104132E+00
1.90E-02	1.23137479163E+00
1.91E-02	1.22545596105E+00
1.92E-02	1.21956443508E+00
1.93E-02	1.21370009959E+00
1.94E-02	1.20786284081E+00
1.95E-02	1.20205254528E+00
1.96E-02	1.19626909993E+00
1.97E-02	1.19051239203E+00
1.98E-02	1.18478230918E+00
1.99E-02	1.17907873936E+00
2.00E-02	1.17340157089E+00
2.01E-02	1.16775069245E+00
2.02E-02	1.16212599306E+00
2.03E-02	1.15652736210E+00
2.04E-02	1.15095468931E+00
2.05E-02	1.14540786476E+00
2.06E-02	1.13988677891E+00
2.07E-02	1.13439132254E+00
2.08E-02	1.12892138680E+00
2.09E-02	1.12347686320E+00
2.10E-02	1.11805764359E+00
2.11E-02	1.11266362018E+00
2.12E-02	1.10729468554E+00
2.13E-02	1.10195073258E+00
2.14E-02	1.09663165458E+00
2.15E-02	1.09133734516E+00
2.16E-02	1.08606769832E+00
2.17E-02	1.08082260838E+00
2.18E-02	1.07560197004E+00
2.19E-02	1.07040567835E+00
2.20E-02	1.06523362869E+00
2.21E-02	1.06008571684E+00
2.22E-02	1.05496183890E+00
2.23E-02	1.04986189133E+00
2.24E-02	1.04478577094E+00
2.25E-02	1.03973337491E+00
2.26E-02	1.03470460077E+00
2.27E-02	1.02969934638E+00
2.28E-02	1.02471750998E+00
2.29E-02	1.01975899015E+00
2.30E-02	1.01482368583E+00
2.31E-02	1.00991149631E+00
2.32E-02	1.00502232123E+00
2.33E-02	1.00015606058E+00
2.34E-02	9.95312614707E-01
2.35E-02	9.90491884306E-01
2.36E-02	9.85693770425E-01
2.37E-02	9.80918174462E-01
2.38E-02	9.76164998167E-01
2.39E-02	9.71434143638E-01
2.40E-02	9.66725513323E-01
2.41E-02	9.62039010022E-01
2.42E-02	9.57374536881E-01
2.43E-02	9.52731997396E-01
2.44E-02	9.48111295411E-01
2.45E-02	9.43512335118E-01
2.46E-02	9.38935021057E-01
2.47E-02	9.34379258113E-01
2.48E-02	9.29844951521E-01
2.49E-02	9.25332006859E-01
2.50E-02	9.20840330051E-01
2.51E-02	9.16369827368E-01
2.52E-02	9.11920405424E-01
2.53E-02	9.07491971178E-01
2.54E-02	9.03084431931E-01
2.55E-02	8.98697695330E-01
2.56E-02	8.94331669363E-01
2.57E-02	8.89986262358E-01
2.58E-02	8.85661382989E-01
2.59E-02	8.81356940268E-01
2.60E-02	8.77072843548E-01
2.61E-02	8.72809002522E-01
2.62E-02	8.68565327221E-01
2.63E-02	8.64341728018E-01
2.64E-02	8.60138115620E-01
2.65E-02	8.55954401075E-01
2.66E-02	8.51790495766E-01
2.67E-02	8.47646311412E-01
2.68E-02	8.43521760069E-01
2.69E-02	8.39416754126E-01
2.70E-02	8.35331206310E-01
2.71E-02	8.31265029677E-01
2.72E-02	8.27218137619E-01
2.73E-02	8.23190443860E-01
2.74E-02	8.19181862456E-01
2.75E-02	8.15192307794E-01
2.76E-02	8.11221694589E-01
2.77E-02	8.07269937890E-01
2.78E-02	8.03336953071E-01
2.79E-02	7.99422655837E-01
2.80E-02	7.95526962220E-01
2.81E-02	7.91649788577E-01
2.82E-02	7.87791051594E-01
2.83E-02	7.83950668280E-01
2.84E-02	7.80128555971E-01
2.85E-02	7.76324632325E-01
2.86E-02	7.72538815325E-01
2.87E-02	7.68771023275E-01
2.88E-02	7.65021174801E-01
2.89E-02	7.61289188851E-01
2.90E-02	7.57574984693E-01
2.91E-02	7.53878481913E-01
2.92E-02	7.50199600418E-01
2.93E-02	7.46538260432E-01
2.94E-02	7.42894382495E-01
2.95E-02	7.39267887465E-01
2.96E-02	7.35658696515E-01
2.97E-02	7.32066731133E-01
2.98E-02	7.28491913121E-01
2.99E-02	7.24934164594E-01
3.00E-02	7.21393407979E-01
3.01E-02	7.17869566017E-01
3.02E-02	7.14362561757E-01
3.03E-02	7.10872318560E-01
3.04E-02	7.07398760094E-01
3.05E-02	7.03941810338E-01
3.06E-02	7.00501393577E-01
3.07E-02	6.97077434403E-01
3.08E-02	6.93669857714E-01
3.09E-02	6.90278588714E-01
3.10E-02	6.86903552910E-01
3.11E-02	6.83544676113E-01
3.12E-02	6.80201884437E-01
3.13E-02	6.76875104296E-01
3.14E-02	6.73564262408E-01
3.15E-02	6.70269285788E-01
3.16E-02	6.66990101752E-01
3.17E-02	6.63726637914E-01
3.18E-02	6.60478822187E-01
3.19E-02	6.57246582777E-01
3.20E-02	6.54029848189E-01
3.21E-02	6.50828547222E-01
3.22E-02	6.47642608970E-01
3.23E-02	6.44471962818E-01
3.24E-02	6.41316538446E-01
3.25E-02	6.38176265824E-01
3.26E-02	6.35051075214E-01
3.27E-02	6.31940897165E-01
3.28E-02	6.28845662518E-01
3.29E-02	6.25765302401E-01
3.30E-02	6.22699748228E-01
3.31E-02	6.19648931702E-01
3.32E-02	6.16612784809E-01
3.33E-02	6.13591239820E-01
3.34E-02	6.10584229291E-01
3.35E-02	6.07591686060E-01
3.36E-02	6.04613543247E-01
3.37E-02	6.01649734252E-01
3.38E-02	5.98700192756E-01
3.39E-02	5.95764852722E-01
3.40E-02	5.92843648386E-01
3.41E-02	5.89936514266E-01
3.42E-02	5.87043385155E-01
3.43E-02	5.84164196121E-01
3.44E-02	5.81298882510E-01
3.45E-02	5.78447379937E-01
3.46E-02	5.75609624295E-01
3.47E-02	5.72785551747E-01
3.48E-02	5.69975098726E-01
3.49E-02	5.67178201939E-01
3.50E-02	5.64394798360E-01
3.51E-02	5.61624825232E-01
3.52E-02	5.58868220066E-01
3.53E-02	5.56124920640E-01
3.54E-02	5.53394864999E-01
3.55E-02	5.50677991452E-01
3.56E-02	5.47974238572E-01
3.57E-02	5.45283545197E-01
3.58E-02	5.42605850425E-01
3.59E-02	5.39941093618E-01
3.60E-02	5.37289214397E-01
3.61E-02	5.34650152645E-01
3.62E-02	5.32023848501E-01
3.63E-02	5.29410242365E-01
3.64E-02	5.26809274892E-01
3.65E-02	5.24220886995E-01
3.66E-02	5.21645019840E-01
3.67E-02	5.19081614851E-01
3.68E-02	5.16530613702E-01
3.69E-02	5.13991958323E-01
3.70E-02	5.11465590894E-01
3.71E-02	5.08951453846E-01
3.72E-02	5.06449489861E-01
3.73E-02	5.03959641869E-01
3.74E-02	5.01481853051E-01
3.75E-02	4.99016066831E-01
3.76E-02	4.96562226885E-01
3.77E-02	4.94120277131E-01
3.78E-02	4.91690161732E-01
3.79E-02	4.89271825098E-01
3.80E-02	4.86865211878E-01
3.81E-02	4.84470266966E-01
3.82E-02	4.82086935497E-01
3.83E-02	4.79715162845E-01
3.84E-02	4.77354894627E-01
3.85E-02	4.75006076694E-01
3.86E-02	4.72668655139E-01
3.87E-02	4.70342576290E-01
3.88E-02	4.68027786712E-01
3.89E-02	4.65724233204E-01
3.90E-02	4.63431862802E-01
3.91E-02	4.61150622772E-01
3.92E-02	4.58880460616E-01
3.93E-02	4.56621324066E-01
3.94E-02	4.54373161086E-01
3.95E-02	4.52135919869E-01
3.96E-02	4.49909548838E-01
3.97E-02	4.47693996645E-01
3.98E-02	4.45489212169E-01
3.99E-02	4.43295144515E-01
4.00E-02	4.41111743014E-01
4.01E-02	4.38938957224E-01
4.02E-02	4.36776736925E-01
4.03E-02	4.34625032122E-01
4.04E-02	4.32483793040E-01
4.05E-02	4.30352970128E-01
4.06E-02	4.28232514055E-01
4.07E-02	4.26122375711E-01
4.08E-02	4.24022506203E-01
4.09E-02	4.21932856858E-01
4.10E-02	4.19853379219E-01
4.11E-02	4.17784025048E-01
4.12E-02	4.15724746320E-01
4.13E-02	4.13675495228E-01
4.14E-02	4.11636224175E-01
4.15E-02	4.09606885782E-01
4.16E-02	4.07587432879E-01
4.17E-02	4.05577818510E-01
4.18E-02	4.03577995928E-01
4.19E-02	4.01587918596E-01
4.20E-02	3.99607540189E-01
4.21E-02	3.97636814587E-01
4.22E-02	3.95675695879E-01
4.23E-02	3.93724138361E-01
4.24E-02	3.91782096535E-01
4.25E-02	3.89849525107E-01
4.26E-02	3.87926378990E-01
4.27E-02	3.86012613297E-01
4.28E-02	3.84108183346E-01
4.29E-02	3.82213044656E-01
4.30E-02	3.80327152949E-01
4.31E-02	3.78450464144E-01
4.32E-02	3.76582934363E-01
4.33E-02	3.74724519924E-01
4.34E-02	3.72875177345E-01
4.35E-02	3.71034863339E-01
4.36E-02	3.69203534819E-01
4.37E-02	3.67381148889E-01
4.38E-02	3.65567662851E-01
4.39E-02	3.63763034200E-01
4.40E-02	3.61967220625E-01
4.41E-02	3.60180180006E-01
4.42E-02	3.58401870416E-01
4.43E-02	3.56632250118E-01
4.44E-02	3.54871277566E-01
4.45E-02	3.53118911404E-01
4.46E-02	3.51375110462E-01
4.47E-02	3.49639833760E-01
4.48E-02	3.47913040505E-01
4.49E-02	3.46194690090E-01
4.50E-02	3.44484742093E-01
4.51E-02	3.42783156277E-01
4.52E-02	3.41089892590E-01
4.53E-02	3.39404911163E-01
4.54E-02	3.37728172308E-01
4.55E-02	3.36059636521E-01
4.56E-02	3.34399264478E-01
4.57E-02	3.32747017035E-01
4.58E-02	3.31102855229E-01
4.59E-02	3.29466740273E-01
4.60E-02	3.27838633562E-01
4.61E-02	3.26218496665E-01
4.62E-02	3.24606291328E-01
4.63E-02	3.23001979476E-01
4.64E-02	3.21405523206E-01
4.65E-02	3.19816884790E-01
4.66E-02	3.18236026675E-01
4.67E-02	3.16662911479E-01
4.68E-02	3.15097501995E-01
4.69E-02	3.13539761184E-01
4.70E-02	3.11989652181E-01
4.71E-02	3.10447138290E-01
4.72E-02	3.08912182983E-01
4.73E-02	3.07384749904E-01
4.74E-02	3.05864802862E-01
4.75E-02	3.04352305834E-01
4.76E-02	3.02847222965E-01
4.77E-02	3.01349518564E-01
4.78E-02	2.99859157106E-01
4.79E-02	2.98376103230E-01
4.80E-02	2.96900321740E-01
4.81E-02	2.95431777603E-01
4.82E-02	2.93970435947E-01
4.83E-02	2.92516262062E-01
4.84E-02	2.91069221400E-01
4.85E-02	2.89629279574E-01
4.86E-02	2.88196402354E-01
4.87E-02	2.86770555672E-01
4.88E-02	2.85351705616E-01
4.89E-02	2.83939818433E-01
4.90E-02	2.82534860527E-01
4.91E-02	2.81136798456E-01
4.92E-02	2.79745598938E-01
4.93E-02	2.78361228842E-01
4.94E-02	2.76983655193E-01
4.95E-02	2.75612845170E-01
4.96E-02	2.74248766104E-01
4.97E-02	2.72891385479E-01
4.98E-02	2.71540670931E-01
4.99E-02	2.70196590245E-01
5.00E-02	2.68859111359E-01
5.01E-02	2.67528202360E-01
5.02E-02	2.66203831482E-01
5.03E-02	2.64885967111E-01
5.04E-02	2.63574577778E-01
5.05E-02	2.62269632162E-01
5.06E-02	2.60971099090E-01
5.07E-02	2.59678947531E-01
5.08E-02	2.58393146604E-01
5.09E-02	2.57113665570E-01
5.10E-02	2.55840473834E-01
5.11E-02	2.54573540945E-01
5.12E-02	2.53312836594E-01
5.13E-02	2.52058330616E-01
5.14E-02	2.50809992985E-01
5.15E-02	2.49567793817E-01
5.16E-02	2.48331703370E-01
5.17E-02	2.47101692038E-01
5.18E-02	2.45877730357E-01
5.19E-02	2.44659789001E-01
5.20E-02	2.43447838781E-01
5.21E-02	2.42241850646E-01
5.22E-02	2.41041795680E-01
5.23E-02	2.39847645106E-01
5.24E-02	2.38659370280E-01
5.25E-02	2.37476942693E-01
5.26E-02	2.36300333972E-01
5.27E-02	2.35129515876E-01
5.28E-02	2.33964460298E-01
5.29E-02	2.32805139263E-01
5.30E-02	2.31651524927E-01
5.31E-02	2.30503589580E-01
5.32E-02	2.29361305640E-01
5.33E-02	2.28224645656E-01
5.34E-02	2.27093582308E-01
5.35E-02	2.25968088403E-01
5.36E-02	2.24848136877E-01
5.37E-02	2.23733700795E-01
5.38E-02	2.22624753348E-01
5.39E-02	2.21521267854E-01
5.40E-02	2.20423217758E-01
5.41E-02	2.19330576630E-01
5.42E-02	2.18243318165E-01
5.43E-02	2.17161416183E-01
5.44E-02	2.16084844626E-01
5.45E-02	2.15013577562E-01
5.46E-02	2.13947589181E-01
5.47E-02	2.12886853795E-01
5.48E-02	2.11831345838E-01
5.49E-02	2.10781039865E-01
5.50E-02	2.09735910551E-01
5.51E-02	2.08695932692E-01
5.52E-02	2.07661081204E-01
5.53E-02	2.06631331122E-01
5.54E-02	2.05606657598E-01
5.55E-02	2.04587035903E-01
5.56E-02	2.03572441426E-01
5.57E-02	2.02562849672E-01
5.58E-02	2.01558236264E-01
5.59E-02	2.00558576938E-01
5.60E-02	1.99563847548E-01
5.61E-02	1.98574024062E-01
5.62E-02	1.97589082562E-01
5.63E-02	1.96608999244E-01
5.64E-02	1.95633750418E-01
5.65E-02	1.94663312505E-01
5.66E-02	1.93697662040E-01
5.67E-02	1.92736775669E-01
5.68E-02	1.91780630150E-01
5.69E-02	1.90829202351E-01
5.70E-02	1.89882469250E-01
5.71E-02	1.88940407935E-01
5.72E-02	1.88002995605E-01
5.73E-02	1.87070209566E-01
5.74E-02	1.86142027231E-01
5.75E-02	1.85218426124E-01
5.76E-02	1.84299383873E-01
5.77E-02	1.83384878216E-01
5.78E-02	1.82474886995E-01
5.79E-02	1.81569388160E-01
5.80E-02	1.80668359763E-01
5.81E-02	1.79771779963E-01
5.82E-02	1.78879627025E-01
5.83E-02	1.77991879315E-01
5.84E-02	1.77108515303E-01
5.85E-02	1.76229513565E-01
5.86E-02	1.75354852774E-01
5.87E-02	1.74484511711E-01
5.88E-02	1.73618469254E-01
5.89E-02	1.72756704385E-01
5.90E-02	1.71899196184E-01
5.91E-02	1.71045923834E-01
5.92E-02	1.70196866617E-01
5.93E-02	1.69352003912E-01
5.94E-02	1.68511315200E-01
5.95E-02	1.67674780058E-01
5.96E-02	1.66842378163E-01
5.97E-02	1.66014089286E-01
5.98E-02	1.65189893300E-01
5.99E-02	1.64369770171E-01
6.00E-02	1.63553699961E-01
6.01E-02	1.62741662830E-01
6.02E-02	1.61933639031E-01
6.03E-02	1.61129608914E-01
6.04E-02	1.60329552921E-01
6.05E-02	1.59533451589E-01
6.06E-02	1.58741285550E-01
6.07E-02	1.57953035526E-01
6.08E-02	1.57168682335E-01
6.09E-02	1.56388206884E-01
6.10E-02	1.55611590175E-01
6.11E-02	1.54838813298E-01
6.12E-02	1.54069857437E-01
6.13E-02	1.53304703865E-01
6.14E-02	1.52543333944E-01
6.15E-02	1.51785729129E-01
6.16E-02	1.51031870960E-01
6.17E-02	1.50281741071E-01
6.18E-02	1.49535321179E-01
6.19E-02	1.48792593093E-01
6.20E-02	1.48053538708E-01
6.21E-02	1.47318140006E-01
6.22E-02	1.46586379058E-01
6.23E-02	1.45858238018E-01
6.24E-02	1.45133699128E-01
6.25E-02	1.44412744716E-01
6.26E-02	1.43695357195E-01
6.27E-02	1.42981519062E-01
6.28E-02	1.42271212898E-01
6.29E-02	1.41564421370E-01
6.30E-02	1.40861127228E-01
6.31E-02	1.40161313304E-01
6.32E-02	1.39464962514E-01
6.33E-02	1.38772057856E-01
6.34E-02	1.38082582410E-01
6.35E-02	1.37396519339E-01
6.36E-02	1.36713851886E-01
6.37E-02	1.36034563376E-01
6.38E-02	1.35358637212E-01
6.39E-02	1.34686056881E-01
6.40E-02	1.34016805947E-01
6.41E-02	1.33350868054E-01
6.42E-02	1.32688226927E-01
6.43E-02	1.32028866368E-01
6.44E-02	1.31372770256E-01
6.45E-02	1.30719922551E-01
6.46E-02	1.30070307289E-01
6.47E-02	1.29423908582E-01
6.48E-02	1.28780710623E-01
6.49E-02	1.28140697677E-01
6.50E-02	1.27503854087E-01
6.51E-02	1.26870164272E-01
6.52E-02	1.26239612727E-01
6.53E-02	1.25612184021E-01
6.54E-02	1.24987862798E-01
6.55E-02	1.24366633777E-01
6.56E-02	1.23748481751E-01
6.57E-02	1.23133391585E-01
6.58E-02	1.22521348219E-01
6.59E-02	1.21912336667E-01
6.60E-02	1.21306342013E-01
6.61E-02	1.20703349415E-01
6.62E-02	1.20103344104E-01
6.63E-02	1.19506311379E-01
6.64E-02	1.18912236615E-01
6.65E-02	1.18321105255E-01
6.66E-02	1.17732902812E-01
6.67E-02	1.17147614872E-01
6.68E-02	1.16565227090E-01
6.69E-02	1.15985725188E-01
6.70E-02	1.15409094962E-01
6.71E-02	1.14835322273E-01
6.72E-02	1.14264393053E-01
6.73E-02	1.13696293302E-01
6.74E-02	1.13131009086E-01
6.75E-02	1.12568526542E-01
6.76E-02	1.12008831872E-01
6.77E-02	1.11451911345E-01
6.78E-02	1.10897751299E-01
6.79E-02	1.10346338136E-01
6.80E-02	1.09797658325E-01
6.81E-02	1.09251698401E-01
6.82E-02	1.08708444964E-01
6.83E-02	1.08167884680E-01
6.84E-02	1.07630004279E-01
6.85E-02	1.07094790556E-01
6.86E-02	1.06562230371E-01
6.87E-02	1.06032310646E-01
6.88E-02	1.05505018368E-01
6.89E-02	1.04980340588E-01
6.90E-02	1.04458264419E-01
6.91E-02	1.03938777036E-01
6.92E-02	1.03421865678E-01
6.93E-02	1.02907517646E-01
6.94E-02	1.02395720302E-01
6.95E-02	1.01886461070E-01
6.96E-02	1.01379727436E-01
6.97E-02	1.00875506945E-01
6.98E-02	1.00373787204E-01
6.99E-02	9.98745558814E-02
7.00E-02	9.93778007040E-02
7.01E-02	9.88835094593E-02
7.02E-02	9.83916699940E-02
7.03E-02	9.79022702143E-02
7.04E-02	9.74152980854E-02
7.05E-02	9.69307416309E-02
7.06E-02	9.64485889330E-02
7.07E-02	9.59688281323E-02
7.08E-02	9.54914474267E-02
7.09E-02	9.50164350723E-02
7.10E-02	9.45437793820E-02
7.11E-02	9.40734687261E-02
7.12E-02	9.36054915315E-02
7.13E-02	9.31398362816E-02
7.14E-02	9.26764915161E-02
7.15E-02	9.22154458305E-02
7.16E-02	9.17566878763E-02
7.17E-02	9.13002063602E-02
7.18E-02	9.08459900441E-02
7.19E-02	9.03940277447E-02
7.20E-02	8.99443083336E-02
7.21E-02	8.94968207364E-02
7.22E-02	8.90515539333E-02
7.23E-02	8.86084969579E-02
7.24E-02	8.81676388977E-02
7.25E-02	8.77289688933E-02
7.26E-02	8.72924761387E-02
7.27E-02	8.68581498804E-02
7.28E-02	8.64259794177E-02
7.29E-02	8.59959541021E-02
7.30E-02	8.55680633373E-02
7.31E-02	8.51422965788E-02
7.32E-02	8.47186433336E-02
7.33E-02	8.42970931601E-02
7.34E-02	8.38776356678E-02
7.35E-02	8.34602605169E-02
7.36E-02	8.30449574184E-02
7.37E-02	8.26317161335E-02
7.38E-02	8.22205264737E-02
7.39E-02	8.18113783002E-02
7.40E-02	8.14042615238E-02
7.41E-02	8.09991661048E-02
7.42E-02	8.05960820528E-02
7.43E-02	8.01949994260E-02
7.44E-02	7.97959083315E-02
7.45E-02	7.93987989248E-02
7.46E-02	7.90036614097E-02
7.47E-02	7.86104860378E-02
7.48E-02	7.82192631086E-02
7.49E-02	7.78299829692E-02
7.50E-02	7.74426360138E-02
7.51E-02	7.70572126838E-02
7.52E-02	7.66737034674E-02
7.53E-02	7.62920988995E-02
7.54E-02	7.59123895613E-02
7.55E-02	7.55345660802E-02
7.56E-02	7.51586191296E-02
7.57E-02	7.47845394286E-02
7.58E-02	7.44123177418E-02
7.59E-02	7.40419448790E-02
7.60E-02	7.36734116953E-02
7.61E-02	7.33067090904E-02
7.62E-02	7.29418280089E-02
7.63E-02	7.25787594395E-02
7.64E-02	7.22174944154E-02
7.65E-02	7.18580240137E-02
7.66E-02	7.15003393553E-02
7.67E-02	7.11444316045E-02
7.68E-02	7.07902919692E-02
7.69E-02	7.04379117003E-02
7.70E-02	7.00872820918E-02
7.71E-02	6.97383944802E-02
7.72E-02	6.93912402449E-02
7.73E-02	6.90458108071E-02
7.74E-02	6.87020976307E-02
7.75E-02	6.83600922210E-02
7.76E-02	6.80197861254E-02
7.77E-02	6.76811709327E-02
7.78E-02	6.73442382728E-02
7.79E-02	6.70089798170E-02
7.80E-02	6.66753872775E-02
7.81E-02	6.63434524069E-02
7.82E-02	6.60131669987E-02
7.83E-02	6.56845228866E-02
7.84E-02	6.53575119442E-02
7.85E-02	6.50321260855E-02
7.86E-02	6.47083572637E-02
7.87E-02	6.43861974720E-02
7.88E-02	6.40656387427E-02
7.89E-02	6.37466731474E-02
7.90E-02	6.34292927966E-02
7.91E-02	6.31134898396E-02
7.92E-02	6.27992564644E-02
7.93E-02	6.24865848971E-02
7.94E-02	6.21754674025E-02
7.95E-02	6.18658962831E-02
7.96E-02	6.15578638793E-02
7.97E-02	6.12513625693E-02
7.98E-02	6.09463847686E-02
7.99E-02	6.06429229304E-02
8.00E-02	6.03409695445E-02
8.01E-02	6.00405171379E-02
8.02E-02	5.97415582746E-02
8.03E-02	5.94440855548E-02
8.04E-02	5.91480916153E-02
8.05E-02	5.88535691292E-02
8.06E-02	5.85605108055E-02
8.07E-02	5.82689093892E-02
8.08E-02	5.79787576609E-02
8.09E-02	5.76900484370E-02
8.10E-02	5.74027745689E-02
8.11E-02	5.71169289435E-02
8.12E-02	5.68325044825E-02
8.13E-02	5.65494941426E-02
8.14E-02	5.62678909152E-02
8.15E-02	5.59876878261E-02
8.16E-02	5.57088779355E-02
8.17E-02	5.54314543377E-02
8.18E-02	5.51554101613E-02
8.19E-02	5.48807385683E-02
8.20E-02	5.46074327548E-02
8.21E-02	5.43354859502E-02
8.22E-02	5.40648914173E-02
8.23E-02	5.37956424521E-02
8.24E-02	5.35277323836E-02
8.25E-02	5.32611545738E-02
8.26E-02	5.29959024172E-02
8.27E-02	5.27319693410E-02
8.28E-02	5.24693488049E-02
8.29E-02	5.22080343005E-02
8.30E-02	5.19480193519E-02
8.31E-02	5.16892975147E-02
8.32E-02	5.14318623767E-02
8.33E-02	5.11757075569E-02
8.34E-02	5.09208267060E-02
8.35E-02	5.06672135060E-02
8.36E-02	5.04148616701E-02
8.37E-02	5.01637649422E-02
8.38E-02	4.99139170974E-02
8.39E-02	4.96653119414E-02
8.40E-02	4.94179433103E-02
8.41E-02	4.91718050708E-02
8.42E-02	4.89268911198E-02
8.43E-02	4.86831953843E-02
8.44E-02	4.84407118211E-02
8.45E-02	4.81994344171E-02
8.46E-02	4.79593571886E-02
8.47E-02	4.77204741816E-02
8.48E-02	4.74827794715E-02
8.49E-02	4.72462671627E-02
8.50E-02	4.70109313890E-02
8.51E-02	4.67767663129E-02
8.52E-02	4.65437661259E-02
8.53E-02	4.63119250481E-02
8.54E-02	4.60812373280E-02
8.55E-02	4.58516972426E-02
8.56E-02	4.56232990973E-02
8.57E-02	4.53960372253E-02
8.58E-02	4.51699059881E-02
8.59E-02	4.49448997747E-02
8.60E-02	4.47210130022E-02
8.61E-02	4.44982401148E-02
8.62E-02	4.42765755846E-02
8.63E-02	4.40560139107E-02
8.64E-02	4.38365496194E-02
8.65E-02	4.36181772641E-02
8.66E-02	4.34008914252E-02
8.67E-02	4.31846867096E-02
8.68E-02	4.29695577511E-02
8.69E-02	4.27554992098E-02
8.70E-02	4.25425057723E-02
8.71E-02	4.23305721514E-02
8.72E-02	4.21196930862E-02
8.73E-02	4.19098633415E-02
8.74E-02	4.17010777080E-02
8.75E-02	4.14933310025E-02
8.76E-02	4.12866180670E-02
8.77E-02	4.10809337691E-02
8.78E-02	4.08762730019E-02
8.79E-02	4.06726306836E-02
8.80E-02	4.04700017576E-02
8.81E-02	4.02683811922E-02
8.82E-02	4.00677639806E-02
8.83E-02	3.98681451409E-02
8.84E-02	3.96695197156E-02
8.85E-02	3.94718827718E-02
8.86E-02	3.92752294010E-02
8.87E-02	3.90795547189E-02
8.88E-02	3.88848538655E-02
8.89E-02	3.86911220047E-02
8.90E-02	3.84983543244E-02
8.91E-02	3.83065460361E-02
8.92E-02	3.81156923752E-02
8.93E-02	3.79257886006E-02
8.94E-02	3.77368299946E-02
8.95E-02	3.75488118629E-02
8.96E-02	3.73617295343E-02
8.97E-02	3.71755783608E-02
8.98E-02	3.69903537174E-02
8.99E-02	3.68060510019E-02
9.00E-02	3.66226656350E-02
9.01E-02	3.64401930598E-02
9.02E-02	3.62586287423E-02
9.03E-02	3.60779681706E-02
9.04E-02	3.58982068553E-02
9.05E-02	3.57193403292E-02
9.06E-02	3.55413641471E-02
9.07E-02	3.53642738859E-02
9.08E-02	3.51880651444E-02
9.09E-02	3.50127335431E-02
9.10E-02	3.48382747242E-02
9.11E-02	3.46646843514E-02
9.12E-02	3.44919581101E-02
9.13E-02	3.43200917068E-02
9.14E-02	3.41490808693E-02
9.15E-02	3.39789213466E-02
9.16E-02	3.38096089087E-02
9.17E-02	3.36411393467E-02
9.18E-02	3.34735084722E-02
9.19E-02	3.33067121178E-02
9.20E-02	3.31407461367E-02
9.21E-02	3.29756064026E-02
9.22E-02	3.28112888096E-02
9.23E-02	3.26477892721E-02
9.24E-02	3.24851037249E-02
9.25E-02	3.23232281226E-02
9.26E-02	3.21621584402E-02
9.27E-02	3.20018906724E-02
9.28E-02	3.18424208338E-02
9.29E-02	3.16837449588E-02
9.30E-02	3.15258591014E-02
9.31E-02	3.13687593349E-02
9.32E-02	3.12124417525E-02
9.33E-02	3.10569024665E-02
9.34E-02	3.09021376083E-02
9.35E-02	3.07481433288E-02
9.36E-02	3.05949157977E-02
9.37E-02	3.04424512038E-02
9.38E-02	3.02907457548E-02
9.39E-02	3.01397956772E-02
9.40E-02	2.99895972159E-02
9.41E-02	2.98401466349E-02
9.42E-02	2.96914402162E-02
9.43E-02	2.95434742607E-02
9.44E-02	2.93962450873E-02
9.45E-02	2.92497490332E-02
9.46E-02	2.91039824538E-02
9.47E-02	2.89589417226E-02
9.48E-02	2.88146232309E-02
9.49E-02	2.86710233881E-02
9.50E-02	2.85281386213E-02
9.51E-02	2.83859653753E-02
9.52E-02	2.82445001124E-02
9.53E-02	2.81037393127E-02
9.54E-02	2.79636794735E-02
9.55E-02	2.78243171097E-02
9.56E-02	2.76856487531E-02
9.57E-02	2.75476709531E-02
9.58E-02	2.74103802760E-02
9.59E-02	2.72737733052E-02
9.60E-02	2.71378466408E-02
9.61E-02	2.70025969001E-02
9.62E-02	2.68680207170E-02
9.63E-02	2.67341147421E-02
9.64E-02	2.66008756426E-02
9.65E-02	2.64683001022E-02
9.66E-02	2.63363848211E-02
9.67E-02	2.62051265158E-02
9.68E-02	2.60745219191E-02
9.69E-02	2.59445677801E-02
9.70E-02	2.58152608639E-02
9.71E-02	2.56865979517E-02
9.72E-02	2.55585758406E-02
9.73E-02	2.54311913436E-02
9.74E-02	2.53044412896E-02
9.75E-02	2.51783225231E-02
9.76E-02	2.50528319044E-02
9.77E-02	2.49279663091E-02
9.78E-02	2.48037226287E-02
9.79E-02	2.46800977697E-02
9.80E-02	2.45570886542E-02
9.81E-02	2.44346922196E-02
9.82E-02	2.43129054183E-02
9.83E-02	2.41917252179E-02
9.84E-02	2.40711486011E-02
9.85E-02	2.39511725655E-02
9.86E-02	2.38317941236E-02
9.87E-02	2.37130103029E-02
9.88E-02	2.35948181453E-02
9.89E-02	2.34772147076E-02
9.90E-02	2.33601970613E-02
9.91E-02	2.32437622921E-02
9.92E-02	2.31279075005E-02
9.93E-02	2.30126298012E-02
9.94E-02	2.28979263233E-02
9.95E-02	2.27837942100E-02
9.96E-02	2.26702306189E-02
9.97E-02	2.25572327216E-02
9.98E-02	2.24447977036E-02
9.99E-02	2.23329227646E-02
1.00E-01	2.22216051181E-02