   0.00000000000000e+00   0.00000000000000e+00
   1.00000000000000e-04   2.83160833083302e+00
   2.00000000000000e-04   5.34798716861130e+00
   3.00000000000000e-04   7.57687792415217e+00
   4.00000000000000e-04   9.54282825573715e+00
   5.00000000000000e-04   1.12685695490422e+01
   6.00000000000000e-04   1.27754779212731e+01
   7.00000000000000e-04   1.40837171397567e+01
   8.00000000000000e-04   1.52122585627433e+01
   9.00000000000000e-04   1.61788610695494e+01
   1.00000000000000e-03   1.70000485515704e+01
   1.10000000000000e-03   1.76911010742716e+01
   1.20000000000000e-03   1.82660650098553e+01
   1.30000000000000e-03   1.87377819962522e+01
   1.40000000000000e-03   1.91179340228722e+01
   1.50000000000000e-03   1.94171009795301e+01
   1.60000000000000e-03   1.96448269039432e+01
   1.70000000000000e-03   1.98096915020673e+01
   1.80000000000000e-03   1.99193840468424e+01
   1.90000000000000e-03   1.99807773427950e+01
   2.00000000000000e-03   1.99999999990961e+01
   2.10000000000000e-03   1.99825057442611e+01
   2.20000000000000e-03   1.99331389273998e+01
   2.30000000000000e-03   1.98561956830104e+01
   2.40000000000000e-03   1.97554804951096e+01
   2.50000000000000e-03   1.96343580916425e+01
   2.60000000000000e-03   1.94958007421437e+01
   2.70000000000000e-03   1.93424311307141e+01
   2.80000000000000e-03   1.91765610416454e+01
   2.90000000000000e-03   1.90002261343208e+01
   3.00000000000000e-03   1.88152171038274e+01
   3.10000000000000e-03   1.86231075292896e+01
   3.20000000000000e-03   1.84252787074256e+01
   3.30000000000000e-03   1.82229417574614e+01
   3.40000000000000e-03   1.80171572677511e+01
   3.50000000000000e-03   1.78088527360946e+01
   3.60000000000000e-03   1.75988380361350e+01
   3.70000000000000e-03   1.73878191223314e+01
   3.80000000000000e-03   1.71764101664911e+01
   3.90000000000000e-03   1.69651443001554e+01
   4.00000000000000e-03   1.67544831195370e+01
   4.10000000000000e-03   1.65448250933683e+01
   4.20000000000000e-03   1.63365129989900e+01
   4.30000000000000e-03   1.61298404983165e+01
   4.40000000000000e-03   1.59250579529052e+01
   4.50000000000000e-03   1.57223775661821e+01
   4.60000000000000e-03   1.55219779308472e+01
   4.70000000000000e-03   1.53240080505302e+01
   4.80000000000000e-03   1.51285908967767e+01
   4.90000000000000e-03   1.49358265553528e+01
   5.00000000000000e-03   1.47457950095572e+01
   5.10000000000000e-03   1.45585586026539e+01
   5.20000000000000e-03   1.43741642166053e+01
   5.30000000000000e-03   1.41926451999266e+01
   5.40000000000000e-03   1.40140230736309e+01
   5.50000000000000e-03   1.38383090408422e+01
   5.60000000000000e-03   1.36655053226533e+01
   5.70000000000000e-03   1.34956063401676e+01
   5.80000000000000e-03   1.33285997603352e+01
   5.90000000000000e-03   1.31644674211388e+01
   6.00000000000000e-03   1.30031861498802e+01
   6.10000000000000e-03   1.28447284867195e+01
   6.20000000000000e-03   1.26890633242172e+01
   6.30000000000000e-03   1.25361564723859e+01
   6.40000000000000e-03   1.23859711576679e+01
   6.50000000000000e-03   1.22384684632891e+01
   6.60000000000000e-03   1.20936077175888e+01
   6.70000000000000e-03   1.19513468361710e+01
   6.80000000000000e-03   1.18116426230634e+01
   6.90000000000001e-03   1.16744510354787e+01
   7.00000000000001e-03   1.15397274162573e+01
   7.10000000000001e-03   1.14074266976110e+01
   7.20000000000001e-03   1.12775035793811e+01
   7.30000000000001e-03   1.11499126846662e+01
   7.40000000000001e-03   1.10246086953547e+01
   7.50000000000001e-03   1.09015464698182e+01
   7.60000000000001e-03   1.07806811447689e+01
   7.70000000000001e-03   1.06619682230652e+01
   7.80000000000001e-03   1.05453636490509e+01
   7.90000000000001e-03   1.04308238728416e+01
   8.00000000000001e-03   1.03183059048119e+01
   8.10000000000001e-03   1.02077673614065e+01
   8.20000000000001e-03   1.00991665032686e+01
   8.30000000000001e-03   9.99246226657438e+00
   8.40000000000000e-03   9.88761428836560e+00
   8.50000000000000e-03   9.78458292658249e+00
   8.60000000000000e-03   9.68332927542698e+00
   8.70000000000000e-03   9.58381517661431e+00
   8.80000000000000e-03   9.48600322701208e+00
   8.90000000000000e-03   9.38985678311053e+00
   9.00000000000000e-03   9.29533996271995e+00
   9.10000000000000e-03   9.20241764424741e+00
   9.20000000000000e-03   9.11105546386682e+00
   9.30000000000000e-03   9.02121981086175e+00
   9.40000000000000e-03   8.93287782138960e+00
   9.50000000000000e-03   8.84599737088845e+00
   9.60000000000000e-03   8.76054706532334e+00
   9.70000000000000e-03   8.67649623144679e+00
   9.80000000000000e-03   8.59381490622882e+00
   9.90000000000000e-03   8.51247382559432e+00
   1.00000000000000e-02   8.43244441258986e+00
   1.01000000000000e-02   8.35369876508825e+00
   1.02000000000000e-02   8.27620964312639e+00
   1.03000000000000e-02   8.19995045596120e+00
   1.04000000000000e-02   8.12489524891802e+00
   1.05000000000000e-02   8.05101869009731e+00
   1.06000000000000e-02   7.97829605699726e+00
   1.07000000000000e-02   7.90670322310305e+00
   1.08000000000000e-02   7.83621664448688e+00
   1.09000000000000e-02   7.76681334645743e+00
   1.10000000000000e-02   7.69847091029233e+00
   1.11000000000000e-02   7.63116746008250e+00
   1.12000000000000e-02   7.56488164971351e+00
   1.13000000000000e-02   7.49959265000525e+00
   1.14000000000000e-02   7.43528013602807e+00
   1.15000000000000e-02   7.37192427461090e+00
   1.16000000000000e-02   7.30950571205397e+00
   1.17000000000000e-02   7.24800556205686e+00
   1.18000000000000e-02   7.18740539387035e+00
   1.19000000000000e-02   7.12768722067896e+00
   1.20000000000000e-02   7.06883348821936e+00
   1.21000000000000e-02   7.01082706363852e+00
   1.22000000000000e-02   6.95365122459433e+00
   1.23000000000000e-02   6.89728964860009e+00
   1.24000000000000e-02   6.84172640261366e+00
   1.25000000000000e-02   6.78694593287097e+00
   1.26000000000000e-02   6.73293305496305e+00
   1.27000000000000e-02   6.67967294415495e+00
   1.28000000000000e-02   6.62715112594447e+00
   1.29000000000000e-02   6.57535346685829e+00
   1.30000000000000e-02   6.52426616548226e+00
   1.31000000000000e-02   6.47387574372285e+00
   1.32000000000000e-02   6.42416903829600e+00
   1.33000000000000e-02   6.37513319243952e+00
   1.34000000000000e-02   6.32675564784515e+00
   1.35000000000000e-02   6.27902413680594e+00
   1.36000000000000e-02   6.23192667457478e+00
   1.37000000000000e-02   6.18545155192950e+00
   1.38000000000000e-02   6.13958732794019e+00
   1.39000000000000e-02   6.09432282293414e+00
   1.40000000000000e-02   6.04964711165383e+00
   1.41000000000000e-02   6.00554951660343e+00
   1.42000000000000e-02   5.96201960157916e+00
   1.43000000000000e-02   5.91904716537903e+00
   1.44000000000000e-02   5.87662223568743e+00
   1.45000000000000e-02   5.83473506312998e+00
   1.46000000000000e-02   5.79337611549438e+00
   1.47000000000000e-02   5.75253607211268e+00
   1.48000000000000e-02   5.71220581840081e+00
   1.49000000000000e-02   5.67237644055106e+00
   1.50000000000000e-02   5.63303922037328e+00
   1.51000000000000e-02   5.59418563028082e+00
   1.52000000000000e-02   5.55580732841710e+00
   1.53000000000000e-02   5.51789615391888e+00
   1.54000000000000e-02   5.48044412231244e+00
   1.55000000000000e-02   5.44344342103880e+00
   1.56000000000000e-02   5.40688640510444e+00
   1.57000000000000e-02   5.37076559285377e+00
   1.58000000000000e-02   5.33507366185998e+00
   1.59000000000000e-02   5.29980344493079e+00
   1.60000000000000e-02   5.26494792622575e+00
   1.61000000000000e-02   5.23050023748188e+00
   1.62000000000000e-02   5.19645365434453e+00
   1.63000000000000e-02   5.16280159280026e+00
   1.64000000000000e-02   5.12953760570891e+00
   1.65000000000000e-02   5.09665537943183e+00
   1.66000000000000e-02   5.06414873055350e+00
   1.67000000000000e-02   5.03201160269375e+00
   1.68000000000000e-02   5.00023806340801e+00
   1.69000000000000e-02   4.96882230117286e+00
   1.70000000000000e-02   4.93775862245447e+00
   1.71000000000000e-02   4.90704144885740e+00
   1.72000000000000e-02   4.87666531435151e+00
   1.73000000000000e-02   4.84662486257454e+00
   1.74000000000000e-02   4.81691484420820e+00
   1.74999999999999e-02   4.78753011442560e+00
   1.75999999999999e-02   4.75846563040790e+00
   1.76999999999999e-02   4.72971644892813e+00
   1.77999999999999e-02   4.70127772400026e+00
   1.78999999999999e-02   4.67314470459152e+00
   1.79999999999999e-02   4.64531273239613e+00
   1.80999999999999e-02   4.61777723966873e+00
   1.81999999999999e-02   4.59053374711563e+00
   1.82999999999999e-02   4.56357786184219e+00
   1.83999999999999e-02   4.53690527535488e+00
   1.84999999999999e-02   4.51051176161613e+00
   1.85999999999999e-02   4.48439317515068e+00
   1.86999999999999e-02   4.45854544920178e+00
   1.87999999999999e-02   4.43296459393584e+00
   1.88999999999999e-02   4.40764669469417e+00
   1.89999999999999e-02   4.38258791029032e+00
   1.90999999999999e-02   4.35778447135188e+00
   1.91999999999999e-02   4.33323267870523e+00
   1.92999999999999e-02   4.30892890180227e+00
   1.93999999999999e-02   4.28486957718765e+00
   1.94999999999999e-02   4.26105120700554e+00
   1.95999999999999e-02   4.23747035754475e+00
   1.96999999999999e-02   4.21412365782101e+00
   1.97999999999999e-02   4.19100779819551e+00
   1.98999999999999e-02   4.16811952902856e+00
   1.99999999999999e-02   4.14545565936738e+00
   2.00999999999999e-02   4.12301305566709e+00
   2.01999999999999e-02   4.10078864054398e+00
   2.02999999999999e-02   4.07877939156004e+00
   2.03999999999999e-02   4.05698234003801e+00
   2.04999999999999e-02   4.03539456990601e+00
   2.05999999999999e-02   4.01401321657093e+00
   2.06999999999999e-02   3.99283546581983e+00
   2.07999999999999e-02   3.97185855274844e+00
   2.08999999999999e-02   3.95107976071623e+00
   2.09999999999999e-02   3.93049642032704e+00
   2.10999999999999e-02   3.91010590843483e+00
   2.11999999999999e-02   3.88990564717361e+00
   2.12999999999999e-02   3.86989310301112e+00
   2.13999999999999e-02   3.85006578582541e+00
   2.14999999999999e-02   3.83042124800382e+00
   2.15999999999999e-02   3.81095708356371e+00
   2.16999999999999e-02   3.79167092729433e+00
   2.17999999999999e-02   3.77256045391926e+00
   2.18999999999999e-02   3.75362337727893e+00
   2.19999999999999e-02   3.73485744953257e+00
   2.20999999999999e-02   3.71626046037913e+00
   2.21999999999999e-02   3.69783023629670e+00
   2.22999999999999e-02   3.67956463979980e+00
   2.23999999999999e-02   3.66146156871426e+00
   2.24999999999999e-02   3.64351895546900e+00
   2.25999999999999e-02   3.62573476640446e+00
   2.26999999999999e-02   3.60810700109713e+00
   2.27999999999999e-02   3.59063369169975e+00
   2.28999999999999e-02   3.57331290229682e+00
   2.29999999999999e-02   3.55614272827499e+00
   2.30999999999999e-02   3.53912129570795e+00
   2.31999999999999e-02   3.52224676075544e+00
   2.32999999999999e-02   3.50551730907601e+00
   2.33999999999999e-02   3.48893115525312e+00
   2.34999999999999e-02   3.47248654223437e+00
   2.35999999999999e-02   3.45618174078340e+00
   2.36999999999999e-02   3.44001504894417e+00
   2.37999999999999e-02   3.42398479151729e+00
   2.38999999999999e-02   3.40808931954815e+00
   2.39999999999999e-02   3.39232700982645e+00
   2.40999999999999e-02   3.37669626439698e+00
   2.41999999999999e-02   3.36119551008118e+00
   2.42999999999999e-02   3.34582319800935e+00
   2.43999999999999e-02   3.33057780316325e+00
   2.44999999999999e-02   3.31545782392873e+00
   2.45999999999999e-02   3.30046178165813e+00
   2.46999999999999e-02   3.28558822024239e+00
   2.47999999999999e-02   3.27083570569242e+00
   2.48999999999999e-02   3.25620282572958e+00
   2.49999999999999e-02   3.24168818938505e+00
   2.50999999999999e-02   3.22729042660791e+00
   2.51999999999999e-02   3.21300818788163e+00
   2.52999999999999e-02   3.19884014384877e+00
   2.53999999999999e-02   3.18478498494381e+00
   2.54999999999999e-02   3.17084142103375e+00
   2.55999999999999e-02   3.15700818106641e+00
   2.56999999999999e-02   3.14328401272615e+00
   2.57999999999999e-02   3.12966768209694e+00
   2.58999999999999e-02   3.11615797333250e+00
   2.59999999999999e-02   3.10275368833338e+00
   2.60999999999999e-02   3.08945364643082e+00
   2.61999999999999e-02   3.07625668407724e+00
   2.62999999999999e-02   3.06316165454316e+00
   2.63999999999999e-02   3.05016742762042e+00
   2.64999999999999e-02   3.03727288933157e+00
   2.65999999999999e-02   3.02447694164525e+00
   2.66999999999999e-02   3.01177850219745e+00
   2.67999999999999e-02   2.99917650401843e+00
   2.68999999999999e-02   2.98666989526534e+00
   2.69999999999999e-02   2.97425763896024e+00
   2.70999999999999e-02   2.96193871273340e+00
   2.71999999999999e-02   2.94971210857191e+00
   2.72999999999999e-02   2.93757683257334e+00
   2.73999999999999e-02   2.92553190470431e+00
   2.74999999999999e-02   2.91357635856401e+00
   2.75999999999999e-02   2.90170924115241e+00
   2.76999999999999e-02   2.88992961264310e+00
   2.77999999999999e-02   2.87823654616068e+00
   2.78999999999999e-02   2.86662912756259e+00
   2.79999999999999e-02   2.85510645522518e+00
   2.80999999999999e-02   2.84366763983417e+00
   2.81999999999999e-02   2.83231180417903e+00
   2.82999999999999e-02   2.82103808295159e+00
   2.83999999999999e-02   2.80984562254847e+00
   2.84999999999999e-02   2.79873358087745e+00
   2.85999999999999e-02   2.78770112716753e+00
   2.86999999999999e-02   2.77674744178277e+00
   2.87999999999999e-02   2.76587171603964e+00
   2.88999999999999e-02   2.75507315202800e+00
   2.89999999999999e-02   2.74435096243543e+00
   2.90999999999999e-02   2.73370437037500e+00
   2.91999999999999e-02   2.72313260921628e+00
   2.92999999999999e-02   2.71263492241967e+00
   2.93999999999999e-02   2.70221056337375e+00
   2.94999999999999e-02   2.69185879523584e+00
   2.95999999999999e-02   2.68157889077550e+00
   2.96999999999999e-02   2.67137013222102e+00
   2.97999999999999e-02   2.66123181110880e+00
   2.98999999999999e-02   2.65116322813552e+00
   2.99999999999999e-02   2.64116369301313e+00
   3.00999999999999e-02   2.63123252432651e+00
   3.01999999999999e-02   2.62136904939378e+00
   3.02999999999999e-02   2.61157260412923e+00
   3.03999999999999e-02   2.60184253290872e+00
   3.04999999999999e-02   2.59217818843768e+00
   3.05999999999999e-02   2.58257893162143e+00
   3.06999999999999e-02   2.57304413143792e+00
   3.07999999999999e-02   2.56357316481280e+00
   3.08999999999999e-02   2.55416541649680e+00
   3.09999999999999e-02   2.54482027894525e+00
   3.10999999999999e-02   2.53553715219993e+00
   3.11999999999999e-02   2.52631544377290e+00
   3.12999999999999e-02   2.51715456853255e+00
   3.13999999999999e-02   2.50805394859166e+00
   3.14999999999999e-02   2.49901301319742e+00
   3.15999999999999e-02   2.49003119862352e+00
   3.16999999999999e-02   2.48110794806407e+00
   3.17999999999999e-02   2.47224271152948e+00
   3.18999999999999e-02   2.46343494574415e+00
   3.19999999999999e-02   2.45468411404598e+00
   3.20999999999999e-02   2.44598968628764e+00
   3.21999999999999e-02   2.43735113873964e+00
   3.22999999999999e-02   2.42876795399502e+00
   3.23999999999999e-02   2.42023962087579e+00
   3.24999999999999e-02   2.41176563434091e+00
   3.25999999999999e-02   2.40334549539600e+00
   3.26999999999999e-02   2.39497871100447e+00
   3.27999999999999e-02   2.38666479400034e+00
   3.28999999999999e-02   2.37840326300248e+00
   3.29999999999999e-02   2.37019364233030e+00
   3.30999999999999e-02   2.36203546192101e+00
   3.31999999999999e-02   2.35392825724817e+00
   3.32999999999999e-02   2.34587156924172e+00
   3.33999999999999e-02   2.33786494420936e+00
   3.34999999999999e-02   2.32990793375918e+00
   3.35999999999999e-02   2.32200009472378e+00
   3.36999999999999e-02   2.31414098908551e+00
   3.37999999999999e-02   2.30633018390304e+00
   3.38999999999999e-02   2.29856725123916e+00
   3.39999999999999e-02   2.29085176808984e+00
   3.40999999999999e-02   2.28318331631438e+00
   3.42000000000000e-02   2.27556148256681e+00
   3.43000000000000e-02   2.26798585822841e+00
   3.44000000000000e-02   2.26045603934133e+00
   3.45000000000000e-02   2.25297162654333e+00
   3.46000000000000e-02   2.24553222500365e+00
   3.47000000000000e-02   2.23813744435982e+00
   3.48000000000000e-02   2.23078689865561e+00
   3.49000000000000e-02   2.22348020627998e+00
   3.50000000000000e-02   2.21621698990701e+00
   3.51000000000000e-02   2.20899687643680e+00
   3.52000000000000e-02   2.20181949693739e+00
   3.53000000000000e-02   2.19468448658754e+00
   3.54000000000000e-02   2.18759148462054e+00
   3.55000000000000e-02   2.18054013426884e+00
   3.56000000000000e-02   2.17353008270961e+00
   3.57000000000000e-02   2.16656098101117e+00
   3.58000000000000e-02   2.15963248408032e+00
   3.59000000000000e-02   2.15274425061044e+00
   3.60000000000000e-02   2.14589594303046e+00
   3.61000000000000e-02   2.13908722745467e+00
   3.62000000000000e-02   2.13231777363327e+00
   3.63000000000000e-02   2.12558725490374e+00
   3.64000000000000e-02   2.11889534814298e+00
   3.65000000000000e-02   2.11224173372019e+00
   3.66000000000000e-02   2.10562609545052e+00
   3.67000000000000e-02   2.09904812054939e+00
   3.68000000000000e-02   2.09250749958761e+00
   3.69000000000000e-02   2.08600392644709e+00
   3.70000000000000e-02   2.07953709827740e+00
   3.71000000000000e-02   2.07310671545281e+00
   3.72000000000000e-02   2.06671248153019e+00
   3.73000000000000e-02   2.06035410320738e+00
   3.74000000000000e-02   2.05403129028237e+00
   3.75000000000000e-02   2.04774375561300e+00
   3.76000000000001e-02   2.04149121507731e+00
   3.77000000000001e-02   2.03527338753449e+00
   3.78000000000001e-02   2.02908999478645e+00
   3.79000000000001e-02   2.02294076153998e+00
   3.80000000000001e-02   2.01682541536944e+00
   3.81000000000001e-02   2.01074368668004e+00
   3.82000000000001e-02   2.00469530867172e+00
   3.83000000000001e-02   1.99868001730351e+00
   3.84000000000001e-02   1.99269755125847e+00
   3.85000000000001e-02   1.98674765190913e+00
   3.86000000000001e-02   1.98083006328346e+00
   3.87000000000001e-02   1.97494453203138e+00
   3.88000000000001e-02   1.96909080739171e+00
   3.89000000000001e-02   1.96326864115966e+00
   3.90000000000001e-02   1.95747778765479e+00
   3.91000000000001e-02   1.95171800368945e+00
   3.92000000000001e-02   1.94598904853766e+00
   3.93000000000001e-02   1.94029068390449e+00
   3.94000000000001e-02   1.93462267389587e+00
   3.95000000000001e-02   1.92898478498882e+00
   3.96000000000001e-02   1.92337678600220e+00
   3.97000000000001e-02   1.91779844806778e+00
   3.98000000000001e-02   1.91224954460179e+00
   3.99000000000001e-02   1.90672985127690e+00
   4.00000000000001e-02   1.90123914599457e+00
   4.01000000000001e-02   1.89577720885782e+00
   4.02000000000001e-02   1.89034382214438e+00
   4.03000000000001e-02   1.88493877028028e+00
   4.04000000000001e-02   1.87956183981370e+00
   4.05000000000001e-02   1.87421281938936e+00
   4.06000000000001e-02   1.86889149972312e+00
   4.07000000000001e-02   1.86359767357708e+00
   4.08000000000001e-02   1.85833113573491e+00
   4.09000000000001e-02   1.85309168297764e+00
   4.10000000000001e-02   1.84787911405971e+00
   4.11000000000002e-02   1.84269322968543e+00
   4.12000000000002e-02   1.83753383248572e+00
   4.13000000000002e-02   1.83240072699517e+00
   4.14000000000002e-02   1.82729371962951e+00
   4.15000000000002e-02   1.82221261866331e+00
   4.16000000000002e-02   1.81715723420799e+00
   4.17000000000002e-02   1.81212737819022e+00
   4.18000000000002e-02   1.80712286433053e+00
   4.19000000000002e-02   1.80214350812228e+00
   4.20000000000002e-02   1.79718912681090e+00
   4.21000000000002e-02   1.79225953937338e+00
   4.22000000000002e-02   1.78735456649816e+00
   4.23000000000002e-02   1.78247403056513e+00
   4.24000000000002e-02   1.77761775562607e+00
   4.25000000000002e-02   1.77278556738524e+00
   4.26000000000002e-02   1.76797729318030e+00
   4.27000000000002e-02   1.76319276196346e+00
   4.28000000000002e-02   1.75843180428291e+00
   4.29000000000002e-02   1.75369425226449e+00
   4.30000000000002e-02   1.74897993959364e+00
   4.31000000000002e-02   1.74428870149750e+00
   4.32000000000002e-02   1.73962037472739e+00
   4.33000000000002e-02   1.73497479754142e+00
   4.34000000000002e-02   1.73035180968739e+00
   4.35000000000002e-02   1.72575125238590e+00
   4.36000000000002e-02   1.72117296831366e+00
   4.37000000000002e-02   1.71661680158711e+00
   4.38000000000002e-02   1.71208259774614e+00
   4.39000000000002e-02   1.70757020373813e+00
   4.40000000000002e-02   1.70307946790217e+00
   4.41000000000002e-02   1.69861023995344e+00
   4.42000000000002e-02   1.69416237096788e+00
   4.43000000000002e-02   1.68973571336699e+00
   4.44000000000002e-02   1.68533012090289e+00
   4.45000000000002e-02   1.68094544864354e+00
   4.46000000000003e-02   1.67658155295817e+00
   4.47000000000003e-02   1.67223829150288e+00
   4.48000000000003e-02   1.66791552320647e+00
   4.49000000000003e-02   1.66361310825639e+00
   4.50000000000003e-02   1.65933090808496e+00
   4.51000000000003e-02   1.65506878535572e+00
   4.52000000000003e-02   1.65082660394990e+00
   4.53000000000003e-02   1.64660422895320e+00
   4.54000000000003e-02   1.64240152664263e+00
   4.55000000000003e-02   1.63821836447356e+00
   4.56000000000003e-02   1.63405461106695e+00
   4.57000000000003e-02   1.62991013619670e+00
   4.58000000000003e-02   1.62578481077722e+00
   4.59000000000003e-02   1.62167850685111e+00
   4.60000000000003e-02   1.61759109757702e+00
   4.61000000000003e-02   1.61352245721769e+00
   4.62000000000003e-02   1.60947246112807e+00
   4.63000000000003e-02   1.60544098574367e+00
   4.64000000000003e-02   1.60142790856901e+00
   4.65000000000003e-02   1.59743310816623e+00
   4.66000000000003e-02   1.59345646414387e+00
   4.67000000000003e-02   1.58949785714570e+00
   4.68000000000003e-02   1.58555716883984e+00
   4.69000000000003e-02   1.58163428190787e+00
   4.70000000000003e-02   1.57772908003417e+00
   4.71000000000003e-02   1.57384144789534e+00
   4.72000000000003e-02   1.56997127114981e+00
   4.73000000000003e-02   1.56611843642751e+00
   4.74000000000003e-02   1.56228283131971e+00
   4.75000000000003e-02   1.55846434436901e+00
   4.76000000000003e-02   1.55466286505936e+00
   4.77000000000003e-02   1.55087828380634e+00
   4.78000000000003e-02   1.54711049194743e+00
   4.79000000000003e-02   1.54335938173248e+00
   4.80000000000003e-02   1.53962484631428e+00
   4.81000000000004e-02   1.53590677973922e+00
   4.82000000000004e-02   1.53220507693809e+00
   4.83000000000004e-02   1.52851963371699e+00
   4.84000000000004e-02   1.52485034674837e+00
   4.85000000000004e-02   1.52119711356209e+00
   4.86000000000004e-02   1.51755983253673e+00
   4.87000000000004e-02   1.51393840289087e+00
   4.88000000000004e-02   1.51033272467458e+00
   4.89000000000004e-02   1.50674269876094e+00
   4.90000000000004e-02   1.50316822683772e+00
   4.91000000000004e-02   1.49960921139907e+00
   4.92000000000004e-02   1.49606555573746e+00
   4.93000000000004e-02   1.49253716393555e+00
   4.94000000000004e-02   1.48902394085826e+00
   4.95000000000004e-02   1.48552579214494e+00
   4.96000000000004e-02   1.48204262420154e+00
   4.97000000000004e-02   1.47857434419301e+00
   4.98000000000004e-02   1.47512086003564e+00
   4.99000000000004e-02   1.47168208038963e+00
   5.00000000000004e-02   1.46825791465165e+00
   5.01000000000004e-02   1.46484827294754e+00
   5.02000000000004e-02   1.46145306612506e+00
   5.03000000000004e-02   1.45807220574676e+00
   5.04000000000004e-02   1.45470560408292e+00
   5.05000000000004e-02   1.45135317410455e+00
   5.06000000000004e-02   1.44801482947652e+00
   5.07000000000004e-02   1.44469048455073e+00
   5.08000000000004e-02   1.44138005435935e+00
   5.09000000000004e-02   1.43808345460820e+00
   5.10000000000004e-02   1.43480060167017e+00
   5.11000000000004e-02   1.43153141257866e+00
   5.12000000000004e-02   1.42827580502121e+00
   5.13000000000004e-02   1.42503369733310e+00
   5.14000000000004e-02   1.42180500849112e+00
   5.15000000000004e-02   1.41858965810730e+00
   5.16000000000005e-02   1.41538756642280e+00
   5.17000000000005e-02   1.41219865430185e+00
   5.18000000000005e-02   1.40902284322575e+00
   5.19000000000005e-02   1.40586005528690e+00
   5.20000000000005e-02   1.40271021318301e+00
   5.21000000000005e-02   1.39957324021122e+00
   5.22000000000005e-02   1.39644906026245e+00
   5.23000000000005e-02   1.39333759781568e+00
   5.24000000000005e-02   1.39023877793235e+00
   5.25000000000005e-02   1.38715252625088e+00
   5.26000000000005e-02   1.38407876898111e+00
   5.27000000000005e-02   1.38101743289897e+00
   5.28000000000005e-02   1.37796844534105e+00
   5.29000000000005e-02   1.37493173419938e+00
   5.30000000000005e-02   1.37190722791615e+00
   5.31000000000005e-02   1.36889485547853e+00
   5.32000000000005e-02   1.36589454641360e+00
   5.33000000000005e-02   1.36290623078325e+00
   5.34000000000005e-02   1.35992983917918e+00
   5.35000000000005e-02   1.35696530271797e+00
   5.36000000000005e-02   1.35401255303617e+00
   5.37000000000005e-02   1.35107152228548e+00
   5.38000000000005e-02   1.34814214312795e+00
   5.39000000000005e-02   1.34522434873123e+00
   5.40000000000005e-02   1.34231807276393e+00
   5.41000000000005e-02   1.33942324939097e+00
   5.42000000000005e-02   1.33653981326901e+00
   5.43000000000005e-02   1.33366769954188e+00
   5.44000000000005e-02   1.33080684383617e+00
   5.45000000000005e-02   1.32795718225675e+00
   5.46000000000005e-02   1.32511865138242e+00
   5.47000000000005e-02   1.32229118826154e+00
   5.48000000000005e-02   1.31947473040777e+00
   5.49000000000005e-02   1.31666921579584e+00
   5.50000000000005e-02   1.31387458285731e+00
   5.51000000000006e-02   1.31109077047647e+00
   5.52000000000006e-02   1.30831771798622e+00
   5.53000000000006e-02   1.30555536516398e+00
   5.54000000000006e-02   1.30280365222774e+00
   5.55000000000006e-02   1.30006251983200e+00
   5.56000000000006e-02   1.29733190906391e+00
   5.57000000000006e-02   1.29461176143936e+00
   5.58000000000006e-02   1.29190201889911e+00
   5.59000000000006e-02   1.28920262380502e+00
   5.60000000000006e-02   1.28651351893626e+00
   5.61000000000006e-02   1.28383464748558e+00
   5.62000000000006e-02   1.28116595305565e+00
   5.63000000000006e-02   1.27850737965538e+00
   5.64000000000006e-02   1.27585887169636e+00
   5.65000000000006e-02   1.27322037398921e+00
   5.66000000000006e-02   1.27059183174014e+00
   5.67000000000006e-02   1.26797319054738e+00
   5.68000000000006e-02   1.26536439639775e+00
   5.69000000000006e-02   1.26276539566325e+00
   5.70000000000006e-02   1.26017613509766e+00
   5.71000000000006e-02   1.25759656183316e+00
   5.72000000000006e-02   1.25502662337708e+00
   5.73000000000006e-02   1.25246626760854e+00
   5.74000000000006e-02   1.24991544277527e+00
   5.75000000000006e-02   1.24737409749034e+00
   5.76000000000006e-02   1.24484218072902e+00
   5.77000000000006e-02   1.24231964182562e+00
   5.78000000000006e-02   1.23980643047035e+00
   5.79000000000006e-02   1.23730249670627e+00
   5.80000000000006e-02   1.23480779092623e+00
   5.81000000000006e-02   1.23232226386982e+00
   5.82000000000006e-02   1.22984586662044e+00
   5.83000000000006e-02   1.22737855060227e+00
   5.84000000000006e-02   1.22492026757739e+00
   5.85000000000006e-02   1.22247096964287e+00
   5.86000000000007e-02   1.22003060922790e+00
   5.87000000000007e-02   1.21759913909094e+00
   5.88000000000007e-02   1.21517651231692e+00
   5.89000000000007e-02   1.21276268231446e+00
   5.90000000000007e-02   1.21035760281310e+00
   5.91000000000007e-02   1.20796122786058e+00
   5.92000000000007e-02   1.20557351182016e+00
   5.93000000000007e-02   1.20319440936793e+00
   5.94000000000007e-02   1.20082387549013e+00
   5.95000000000007e-02   1.19846186548062e+00
   5.96000000000007e-02   1.19610833493821e+00
   5.97000000000007e-02   1.19376323976410e+00
   5.98000000000007e-02   1.19142653615940e+00
   5.99000000000007e-02   1.18909818062255e+00
   6.00000000000007e-02   1.18677812994684e+00
   6.01000000000007e-02   1.18446634121799e+00
   6.02000000000007e-02   1.18216277181165e+00
   6.03000000000007e-02   1.17986737939102e+00
   6.04000000000007e-02   1.17758012190444e+00
   6.05000000000007e-02   1.17530095758304e+00
   6.06000000000007e-02   1.17302984493837e+00
   6.07000000000007e-02   1.17076674276010e+00
   6.08000000000007e-02   1.16851161011370e+00
   6.09000000000007e-02   1.16626440633817e+00
   6.10000000000007e-02   1.16402509104381e+00
   6.11000000000007e-02   1.16179362410992e+00
   6.12000000000007e-02   1.15956996568268e+00
   6.13000000000007e-02   1.15735407617289e+00
   6.14000000000007e-02   1.15514591625384e+00
   6.15000000000007e-02   1.15294544685912e+00
   6.16000000000007e-02   1.15075262918055e+00
   6.17000000000007e-02   1.14856742466604e+00
   6.18000000000007e-02   1.14638979501753e+00
   6.19000000000007e-02   1.14421970218886e+00
   6.20000000000007e-02   1.14205710838383e+00
   6.21000000000008e-02   1.13990197605407e+00
   6.22000000000008e-02   1.13775426789712e+00
   6.23000000000008e-02   1.13561394685438e+00
   6.24000000000008e-02   1.13348097610918e+00
   6.25000000000008e-02   1.13135531908480e+00
   6.26000000000008e-02   1.12923693944260e+00
   6.27000000000008e-02   1.12712580108003e+00
   6.28000000000008e-02   1.12502186812879e+00
   6.29000000000008e-02   1.12292510495293e+00
   6.30000000000008e-02   1.12083547614704e+00
   6.31000000000008e-02   1.11875294653432e+00
   6.32000000000008e-02   1.11667748116484e+00
   6.33000000000008e-02   1.11460904531371e+00
   6.34000000000008e-02   1.11254760447927e+00
   6.35000000000008e-02   1.11049312438136e+00
   6.36000000000008e-02   1.10844557095953e+00
   6.37000000000008e-02   1.10640491037130e+00
   6.38000000000008e-02   1.10437110899049e+00
   6.39000000000008e-02   1.10234413340544e+00
   6.40000000000008e-02   1.10032395041738e+00
   6.41000000000008e-02   1.09831052703873e+00
   6.42000000000008e-02   1.09630383049146e+00
   6.43000000000008e-02   1.09430382820542e+00
   6.44000000000008e-02   1.09231048781673e+00
   6.45000000000008e-02   1.09032377716618e+00
   6.46000000000008e-02   1.08834366429758e+00
   6.47000000000008e-02   1.08637011745628e+00
   6.48000000000008e-02   1.08440310508748e+00
   6.49000000000008e-02   1.08244259583477e+00
   6.50000000000008e-02   1.08048855853854e+00
   6.51000000000008e-02   1.07854096223450e+00
   6.52000000000008e-02   1.07659977615210e+00
   6.53000000000008e-02   1.07466496971312e+00
   6.54000000000008e-02   1.07273651253012e+00
   6.55000000000008e-02   1.07081437440499e+00
   6.56000000000009e-02   1.06889852532750e+00
   6.57000000000009e-02   1.06698893547388e+00
   6.58000000000009e-02   1.06508557520532e+00
   6.59000000000009e-02   1.06318841506666e+00
   6.60000000000009e-02   1.06129742578486e+00
   6.61000000000009e-02   1.05941257826774e+00
   6.62000000000009e-02   1.05753384360248e+00
   6.63000000000009e-02   1.05566119305435e+00
   6.64000000000009e-02   1.05379459806531e+00
   6.65000000000009e-02   1.05193403025267e+00
   6.66000000000009e-02   1.05007946140778e+00
   6.67000000000009e-02   1.04823086349469e+00
   6.68000000000009e-02   1.04638820864886e+00
   6.69000000000009e-02   1.04455146917587e+00
   6.70000000000009e-02   1.04272061755014e+00
   6.71000000000009e-02   1.04089562641362e+00
   6.72000000000009e-02   1.03907646857459e+00
   6.73000000000009e-02   1.03726311700638e+00
   6.74000000000009e-02   1.03545554484613e+00
   6.75000000000009e-02   1.03365372539357e+00
   6.76000000000009e-02   1.03185763210984e+00
   6.77000000000009e-02   1.03006723861620e+00
   6.78000000000009e-02   1.02828251869294e+00
   6.79000000000009e-02   1.02650344627812e+00
   6.80000000000009e-02   1.02472999546644e+00
   6.81000000000009e-02   1.02296214050806e+00
   6.82000000000009e-02   1.02119985580745e+00
   6.83000000000009e-02   1.01944311592224e+00
   6.84000000000009e-02   1.01769189556214e+00
   6.85000000000009e-02   1.01594616958772e+00
   6.86000000000009e-02   1.01420591300942e+00
   6.87000000000009e-02   1.01247110098633e+00
   6.88000000000009e-02   1.01074170882518e+00
   6.89000000000009e-02   1.00901771197924e+00
   6.90000000000009e-02   1.00729908604721e+00
   6.91000000000010e-02   1.00558580677219e+00
   6.92000000000010e-02   1.00387785004064e+00
   6.93000000000010e-02   1.00217519188128e+00
   6.94000000000010e-02   1.00047780846411e+00
   6.95000000000010e-02   9.98785676099349e-01
   6.96000000000010e-02   9.97098771236427e-01
   6.97000000000010e-02   9.95417070462974e-01
   6.98000000000010e-02   9.93740550503820e-01
   6.99000000000010e-02   9.92069188220001e-01
   7.00000000000010e-02   9.90402960607776e-01
   7.01000000000010e-02   9.88741844797649e-01
   7.02000000000010e-02   9.87085818053409e-01
   7.03000000000010e-02   9.85434857771160e-01
   7.04000000000010e-02   9.83788941478381e-01
   7.05000000000010e-02   9.82148046832978e-01
   7.06000000000010e-02   9.80512151622348e-01
   7.07000000000010e-02   9.78881233762460e-01
   7.08000000000010e-02   9.77255271296926e-01
   7.09000000000010e-02   9.75634242396101e-01
   7.10000000000010e-02   9.74018125356168e-01
   7.11000000000010e-02   9.72406898598255e-01
   7.12000000000010e-02   9.70800540667538e-01
   7.13000000000010e-02   9.69199030232365e-01
   7.14000000000010e-02   9.67602346083379e-01
   7.15000000000010e-02   9.66010467132659e-01
   7.16000000000010e-02   9.64423372412856e-01
   7.17000000000010e-02   9.62841041076343e-01
   7.18000000000010e-02   9.61263452394375e-01
   7.19000000000010e-02   9.59690585756244e-01
   7.20000000000010e-02   9.58122420668458e-01
   7.21000000000010e-02   9.56558936753913e-01
   7.22000000000010e-02   9.55000113751078e-01
   7.23000000000010e-02   9.53445931513186e-01
   7.24000000000010e-02   9.51896370007430e-01
   7.25000000000010e-02   9.50351409314170e-01
   7.26000000000011e-02   9.48811029626142e-01
   7.27000000000011e-02   9.47275211247674e-01
   7.28000000000011e-02   9.45743934593914e-01
   7.29000000000011e-02   9.44217180190055e-01
   7.30000000000011e-02   9.42694928670574e-01
   7.31000000000011e-02   9.41177160778476e-01
   7.32000000000011e-02   9.39663857364543e-01
   7.33000000000011e-02   9.38154999386585e-01
   7.34000000000011e-02   9.36650567908707e-01
   7.35000000000011e-02   9.35150544100574e-01
   7.36000000000011e-02   9.33654909236684e-01
   7.37000000000011e-02   9.32163644695648e-01
   7.38000000000011e-02   9.30676731959474e-01
   7.39000000000011e-02   9.29194152612862e-01
   7.40000000000011e-02   9.27715888342497e-01
   7.41000000000011e-02   9.26241920936351e-01
   7.42000000000011e-02   9.24772232282996e-01
   7.43000000000011e-02   9.23306804370915e-01
   7.44000000000011e-02   9.21845619287818e-01
   7.45000000000011e-02   9.20388659219975e-01
   7.46000000000011e-02   9.18935906451540e-01
   7.47000000000011e-02   9.17487343363888e-01
   7.48000000000011e-02   9.16042952434959e-01
   7.49000000000011e-02   9.14602716238601e-01
   7.50000000000011e-02   9.13166617443925e-01
   7.51000000000011e-02   9.11734638814659e-01
   7.52000000000011e-02   9.10306763208512e-01
   7.53000000000011e-02   9.08882973576541e-01
   7.54000000000011e-02   9.07463252962523e-01
   7.55000000000011e-02   9.06047584502334e-01
   7.56000000000011e-02   9.04635951423327e-01
   7.57000000000011e-02   9.03228337043723e-01
   7.58000000000011e-02   9.01824724772005e-01
   7.59000000000011e-02   9.00425098106309e-01
   7.60000000000011e-02   8.99029440633831e-01
   7.61000000000012e-02   8.97637736030228e-01
   7.62000000000012e-02   8.96249968059038e-01
   7.63000000000012e-02   8.94866120571087e-01
   7.64000000000012e-02   8.93486177503913e-01
   7.65000000000012e-02   8.92110122881193e-01
   7.66000000000012e-02   8.90737940812170e-01
   7.67000000000012e-02   8.89369615491087e-01
   7.68000000000012e-02   8.88005131196627e-01
   7.69000000000012e-02   8.86644472291355e-01
   7.70000000000012e-02   8.85287623221168e-01
   7.71000000000012e-02   8.83934568514740e-01
   7.72000000000012e-02   8.82585292782985e-01
   7.73000000000012e-02   8.81239780718514e-01
   7.74000000000012e-02   8.79898017095100e-01
   7.75000000000012e-02   8.78559986767146e-01
   7.76000000000012e-02   8.77225674669159e-01
   7.77000000000012e-02   8.75895065815225e-01
   7.78000000000012e-02   8.74568145298491e-01
   7.79000000000012e-02   8.73244898290651e-01
   7.80000000000012e-02   8.71925310041433e-01
   7.81000000000012e-02   8.70609365878090e-01
   7.82000000000012e-02   8.69297051204904e-01
   7.83000000000012e-02   8.67988351502680e-01
   7.84000000000012e-02   8.66683252328251e-01
   7.85000000000012e-02   8.65381739313990e-01
   7.86000000000012e-02   8.64083798167319e-01
   7.87000000000012e-02   8.62789414670226e-01
   7.88000000000012e-02   8.61498574678785e-01
   7.89000000000012e-02   8.60211264122678e-01
   7.90000000000012e-02   8.58927469004722e-01
   7.91000000000012e-02   8.57647175400403e-01
   7.92000000000012e-02   8.56370369457404e-01
   7.93000000000012e-02   8.55097037395148e-01
   7.94000000000012e-02   8.53827165504335e-01
   7.95000000000013e-02   8.52560740146491e-01
   7.96000000000013e-02   8.51297747753512e-01
   7.97000000000013e-02   8.50038174827220e-01
   7.98000000000013e-02   8.48782007938913e-01
   7.99000000000013e-02   8.47529233728926e-01
   8.00000000000013e-02   8.46279838906194e-01
   8.01000000000013e-02   8.45033810247814e-01
   8.02000000000013e-02   8.43791134598616e-01
   8.03000000000013e-02   8.42551798870730e-01
   8.04000000000013e-02   8.41315790043169e-01
   8.05000000000013e-02   8.40083095161397e-01
   8.06000000000013e-02   8.38853701336919e-01
   8.07000000000013e-02   8.37627595746858e-01
   8.08000000000013e-02   8.36404765633546e-01
   8.09000000000013e-02   8.35185198304117e-01
   8.10000000000013e-02   8.33968881130093e-01
   8.11000000000013e-02   8.32755801546989e-01
   8.12000000000013e-02   8.31545947053907e-01
   8.13000000000013e-02   8.30339305213138e-01
   8.14000000000013e-02   8.29135863649775e-01
   8.15000000000013e-02   8.27935610051310e-01
   8.16000000000013e-02   8.26738532167255e-01
   8.17000000000013e-02   8.25544617808752e-01
   8.18000000000013e-02   8.24353854848189e-01
   8.19000000000013e-02   8.23166231218823e-01
   8.20000000000013e-02   8.21981734914400e-01
   8.21000000000013e-02   8.20800353988784e-01
   8.22000000000013e-02   8.19622076555579e-01
   8.23000000000013e-02   8.18446890787767e-01
   8.24000000000013e-02   8.17274784917336e-01
   8.25000000000013e-02   8.16105747234922e-01
   8.26000000000013e-02   8.14939766089442e-01
   8.27000000000013e-02   8.13776829887739e-01
   8.28000000000013e-02   8.12616927094226e-01
   8.29000000000013e-02   8.11460046230534e-01
   8.30000000000014e-02   8.10306175875159e-01
   8.31000000000014e-02   8.09155304663114e-01
   8.32000000000014e-02   8.08007421285588e-01
   8.33000000000014e-02   8.06862514489595e-01
   8.34000000000014e-02   8.05720573077644e-01
   8.35000000000014e-02   8.04581585907391e-01
   8.36000000000014e-02   8.03445541891310e-01
   8.37000000000014e-02   8.02312429996357e-01
   8.38000000000014e-02   8.01182239243639e-01
   8.39000000000014e-02   8.00054958708090e-01
   8.40000000000014e-02   7.98930577518138e-01
   8.41000000000014e-02   7.97809084855388e-01
   8.42000000000014e-02   7.96690469954296e-01
   8.43000000000014e-02   7.95574722101854e-01
   8.44000000000014e-02   7.94461830637271e-01
   8.45000000000014e-02   7.93351784951657e-01
   8.46000000000014e-02   7.92244574487714e-01
   8.47000000000014e-02   7.91140188739427e-01
   8.48000000000014e-02   7.90038617251750e-01
   8.49000000000014e-02   7.88939849620310e-01
   8.50000000000014e-02   7.87843875491093e-01
   8.51000000000014e-02   7.86750684560152e-01
   8.52000000000014e-02   7.85660266573304e-01
   8.53000000000014e-02   7.84572611325831e-01
   8.54000000000014e-02   7.83487708662191e-01
   8.55000000000014e-02   7.82405548475719e-01
   8.56000000000014e-02   7.81326120708340e-01
   8.57000000000014e-02   7.80249415350281e-01
   8.58000000000014e-02   7.79175422439783e-01
   8.59000000000014e-02   7.78104132062814e-01
   8.60000000000014e-02   7.77035534352793e-01
   8.61000000000014e-02   7.75969619490304e-01
   8.62000000000014e-02   7.74906377702819e-01
   8.63000000000014e-02   7.73845799264421e-01
   8.64000000000014e-02   7.72787874495531e-01
   8.65000000000015e-02   7.71732593762635e-01
   8.66000000000015e-02   7.70679947478011e-01
   8.67000000000015e-02   7.69629926099461e-01
   8.68000000000015e-02   7.68582520130047e-01
   8.69000000000015e-02   7.67537720117821e-01
   8.70000000000015e-02   7.66495516655566e-01
   8.71000000000015e-02   7.65455900380529e-01
   8.72000000000015e-02   7.64418861974170e-01
   8.73000000000015e-02   7.63384392161895e-01
   8.74000000000015e-02   7.62352481712805e-01
   8.75000000000015e-02   7.61323121439442e-01
   8.76000000000015e-02   7.60296302197534e-01
   8.77000000000015e-02   7.59272014885744e-01
   8.78000000000015e-02   7.58250250445425e-01
   8.79000000000015e-02   7.57230999860369e-01
   8.80000000000015e-02   7.56214254156560e-01
   8.81000000000015e-02   7.55200004401936e-01
   8.82000000000015e-02   7.54188241706141e-01
   8.83000000000015e-02   7.53178957220286e-01
   8.84000000000015e-02   7.52172142136713e-01
   8.85000000000015e-02   7.51167787688752e-01
   8.86000000000015e-02   7.50165885150491e-01
   8.87000000000015e-02   7.49166425836538e-01
   8.88000000000015e-02   7.48169401101793e-01
   8.89000000000015e-02   7.47174802341209e-01
   8.90000000000015e-02   7.46182620989572e-01
   8.91000000000015e-02   7.45192848521268e-01
   8.92000000000015e-02   7.44205476450058e-01
   8.93000000000015e-02   7.43220496328851e-01
   8.94000000000015e-02   7.42237899749487e-01
   8.95000000000015e-02   7.41257678342508e-01
   8.96000000000015e-02   7.40279823776943e-01
   8.97000000000015e-02   7.39304327760088e-01
   8.98000000000015e-02   7.38331182037287e-01
   8.99000000000015e-02   7.37360378391719e-01
   9.00000000000016e-02   7.36391908644183e-01
   9.01000000000016e-02   7.35425764652884e-01
   9.02000000000016e-02   7.34461938313222e-01
   9.03000000000016e-02   7.33500421557584e-01
   9.04000000000016e-02   7.32541206355134e-01
   9.05000000000016e-02   7.31584284711602e-01
   9.06000000000016e-02   7.30629648669089e-01
   9.07000000000016e-02   7.29677290305849e-01
   9.08000000000016e-02   7.28727201736097e-01
   9.09000000000016e-02   7.27779375109803e-01
   9.10000000000016e-02   7.26833802612489e-01
   9.11000000000016e-02   7.25890476465034e-01
   9.12000000000016e-02   7.24949388923478e-01
   9.13000000000016e-02   7.24010532278820e-01
   9.14000000000016e-02   7.23073898856826e-01
   9.15000000000016e-02   7.22139481017836e-01
   9.16000000000016e-02   7.21207271156571e-01
   9.17000000000016e-02   7.20277261701941e-01
   9.18000000000016e-02   7.19349445116856e-01
   9.19000000000016e-02   7.18423813898036e-01
   9.20000000000016e-02   7.17500360575826e-01
   9.21000000000016e-02   7.16579077714009e-01
   9.22000000000016e-02   7.15659957909617e-01
   9.23000000000016e-02   7.14742993792756e-01
   9.24000000000016e-02   7.13828178026414e-01
   9.25000000000016e-02   7.12915503306286e-01
   9.26000000000016e-02   7.12004962360592e-01
   9.27000000000016e-02   7.11096547949897e-01
   9.28000000000016e-02   7.10190252866934e-01
   9.29000000000016e-02   7.09286069936429e-01
   9.30000000000016e-02   7.08383992014923e-01
   9.31000000000016e-02   7.07484011990599e-01
   9.32000000000016e-02   7.06586122783108e-01
   9.33000000000016e-02   7.05690317343399e-01
   9.34000000000016e-02   7.04796588653546e-01
   9.35000000000017e-02   7.03904929726578e-01
   9.36000000000017e-02   7.03015333606313e-01
   9.37000000000017e-02   7.02127793367185e-01
   9.38000000000017e-02   7.01242302114085e-01
   9.39000000000017e-02   7.00358852982190e-01
   9.40000000000017e-02   6.99477439136799e-01
   9.41000000000017e-02   6.98598053773172e-01
   9.42000000000017e-02   6.97720690116366e-01
   9.43000000000017e-02   6.96845341421075e-01
   9.44000000000017e-02   6.95972000971468e-01
   9.45000000000017e-02   6.95100662081032e-01
   9.46000000000017e-02   6.94231318092412e-01
   9.47000000000017e-02   6.93363962377256e-01
   9.48000000000017e-02   6.92498588336056e-01
   9.49000000000017e-02   6.91635189397996e-01
   9.50000000000017e-02   6.90773759020795e-01
   9.51000000000017e-02   6.89914290690556e-01
   9.52000000000017e-02   6.89056777921613e-01
   9.53000000000017e-02   6.88201214256380e-01
   9.54000000000017e-02   6.87347593265200e-01
   9.55000000000017e-02   6.86495908546198e-01
   9.56000000000017e-02   6.85646153725130e-01
   9.57000000000017e-02   6.84798322455236e-01
   9.58000000000017e-02   6.83952408417095e-01
   9.59000000000017e-02   6.83108405318480e-01
   9.60000000000017e-02   6.82266306894210e-01
   9.61000000000017e-02   6.81426106906011e-01
   9.62000000000017e-02   6.80587799142368e-01
   9.63000000000017e-02   6.79751377418388e-01
   9.64000000000017e-02   6.78916835575656e-01
   9.65000000000017e-02   6.78084167482096e-01
   9.66000000000017e-02   6.77253367031832e-01
   9.67000000000017e-02   6.76424428145049e-01
   9.68000000000017e-02   6.75597344767857e-01
   9.69000000000017e-02   6.74772110872150e-01
   9.70000000000018e-02   6.73948720455478e-01
   9.71000000000018e-02   6.73127167540904e-01
   9.72000000000018e-02   6.72307446176876e-01
   9.73000000000018e-02   6.71489550437090e-01
   9.74000000000018e-02   6.70673474420360e-01
   9.75000000000018e-02   6.69859212250485e-01
   9.76000000000018e-02   6.69046758076119e-01
   9.77000000000018e-02   6.68236106070641e-01
   9.78000000000018e-02   6.67427250432025e-01
   9.79000000000018e-02   6.66620185382714e-01
   9.80000000000018e-02   6.65814905169490e-01
   9.81000000000018e-02   6.65011404063348e-01
   9.82000000000018e-02   6.64209676359370e-01
   9.83000000000018e-02   6.63409716376602e-01
   9.84000000000018e-02   6.62611518457926e-01
   9.85000000000018e-02   6.61815076969940e-01
   9.86000000000018e-02   6.61020386302831e-01
   9.87000000000018e-02   6.60227440870257e-01
   9.88000000000018e-02   6.59436235109224e-01
   9.89000000000018e-02   6.58646763479965e-01
   9.90000000000018e-02   6.57859020465820e-01
   9.91000000000018e-02   6.57073000573118e-01
   9.92000000000018e-02   6.56288698331058e-01
   9.93000000000018e-02   6.55506108291591e-01
   9.94000000000018e-02   6.54725225029304e-01
   9.95000000000018e-02   6.53946043141303e-01
   9.96000000000018e-02   6.53168557247098e-01
   9.97000000000018e-02   6.52392761988486e-01
   9.98000000000018e-02   6.51618652029441e-01
   9.99000000000018e-02   6.50846222055999e-01
   1.00000000000002e-01   6.50075466776143e-01
