0.000000E+00	1.000E+00
1.672360E-03	1.050E+00
4.315249E-03	1.100E+00
8.364930E-03	1.150E+00
1.442054E-02	1.200E+00
2.329371E-02	1.250E+00
3.607014E-02	1.300E+00
5.418546E-02	1.350E+00
7.951777E-02	1.400E+00
9.219483E-02	1.420E+00
1.065927E-01	1.440E+00
1.229152E-01	1.460E+00
1.413866E-01	1.480E+00
1.622540E-01	1.500E+00
1.857891E-01	1.520E+00
2.122898E-01	1.540E+00
2.420833E-01	1.560E+00
2.755272E-01	1.580E+00
3.130133E-01	1.600E+00
4.273178E-01	1.650E+00
5.774848E-01	1.700E+00
7.731771E-01	1.750E+00
9.979820E-01	1.795E+00
